# Bin centers (areas) Counts
2.000000000000000000e+01 2.000000000000000000e+00
6.000000000000000000e+01 0.000000000000000000e+00
1.000000000000000000e+02 0.000000000000000000e+00
1.400000000000000000e+02 0.000000000000000000e+00
1.800000000000000000e+02 0.000000000000000000e+00
2.200000000000000000e+02 0.000000000000000000e+00
2.600000000000000000e+02 0.000000000000000000e+00
3.000000000000000000e+02 0.000000000000000000e+00
3.400000000000000000e+02 0.000000000000000000e+00
3.800000000000000000e+02 0.000000000000000000e+00
4.200000000000000000e+02 1.000000000000000000e+00
4.600000000000000000e+02 1.000000000000000000e+00
5.000000000000000000e+02 0.000000000000000000e+00
5.400000000000000000e+02 0.000000000000000000e+00
5.800000000000000000e+02 0.000000000000000000e+00
6.200000000000000000e+02 0.000000000000000000e+00
6.600000000000000000e+02 0.000000000000000000e+00
7.000000000000000000e+02 0.000000000000000000e+00
7.400000000000000000e+02 2.000000000000000000e+00
7.800000000000000000e+02 3.300000000000000000e+01
8.200000000000000000e+02 1.480000000000000000e+02
8.600000000000000000e+02 2.770000000000000000e+02
9.000000000000000000e+02 4.170000000000000000e+02
9.400000000000000000e+02 5.660000000000000000e+02
9.800000000000000000e+02 6.300000000000000000e+02
1.020000000000000000e+03 6.670000000000000000e+02
1.060000000000000000e+03 7.860000000000000000e+02
1.100000000000000000e+03 9.000000000000000000e+02
1.140000000000000000e+03 9.960000000000000000e+02
1.180000000000000000e+03 1.069000000000000000e+03
1.220000000000000000e+03 1.162000000000000000e+03
1.260000000000000000e+03 1.336000000000000000e+03
1.300000000000000000e+03 1.440000000000000000e+03
1.340000000000000000e+03 1.480000000000000000e+03
1.380000000000000000e+03 1.626000000000000000e+03
1.420000000000000000e+03 1.798000000000000000e+03
1.460000000000000000e+03 1.897000000000000000e+03
1.500000000000000000e+03 1.939000000000000000e+03
1.540000000000000000e+03 2.127000000000000000e+03
1.580000000000000000e+03 2.166000000000000000e+03
1.620000000000000000e+03 2.264000000000000000e+03
1.660000000000000000e+03 2.372000000000000000e+03
1.700000000000000000e+03 2.503000000000000000e+03
1.740000000000000000e+03 2.519000000000000000e+03
1.780000000000000000e+03 2.608000000000000000e+03
1.820000000000000000e+03 2.619000000000000000e+03
1.860000000000000000e+03 2.662000000000000000e+03
1.900000000000000000e+03 2.772000000000000000e+03
1.940000000000000000e+03 2.806000000000000000e+03
1.980000000000000000e+03 2.782000000000000000e+03
2.020000000000000000e+03 2.820000000000000000e+03
2.060000000000000000e+03 2.773000000000000000e+03
2.100000000000000000e+03 2.876000000000000000e+03
2.140000000000000000e+03 2.805000000000000000e+03
2.180000000000000000e+03 2.968000000000000000e+03
2.220000000000000000e+03 2.924000000000000000e+03
2.260000000000000000e+03 2.883000000000000000e+03
2.300000000000000000e+03 2.941000000000000000e+03
2.340000000000000000e+03 2.855000000000000000e+03
2.380000000000000000e+03 2.838000000000000000e+03
2.420000000000000000e+03 2.835000000000000000e+03
2.460000000000000000e+03 2.737000000000000000e+03
2.500000000000000000e+03 2.732000000000000000e+03
2.540000000000000000e+03 2.615000000000000000e+03
2.580000000000000000e+03 2.605000000000000000e+03
2.620000000000000000e+03 2.509000000000000000e+03
2.660000000000000000e+03 2.587000000000000000e+03
2.700000000000000000e+03 2.576000000000000000e+03
2.740000000000000000e+03 2.442000000000000000e+03
2.780000000000000000e+03 2.415000000000000000e+03
2.820000000000000000e+03 2.324000000000000000e+03
2.860000000000000000e+03 2.113000000000000000e+03
2.900000000000000000e+03 2.161000000000000000e+03
2.940000000000000000e+03 2.168000000000000000e+03
2.980000000000000000e+03 2.008000000000000000e+03
3.020000000000000000e+03 1.933000000000000000e+03
3.060000000000000000e+03 1.836000000000000000e+03
3.100000000000000000e+03 1.713000000000000000e+03
3.140000000000000000e+03 1.760000000000000000e+03
3.180000000000000000e+03 1.636000000000000000e+03
3.220000000000000000e+03 1.583000000000000000e+03
3.260000000000000000e+03 1.527000000000000000e+03
3.300000000000000000e+03 1.408000000000000000e+03
3.340000000000000000e+03 1.361000000000000000e+03
3.380000000000000000e+03 1.397000000000000000e+03
3.420000000000000000e+03 1.242000000000000000e+03
3.460000000000000000e+03 1.141000000000000000e+03
3.500000000000000000e+03 1.156000000000000000e+03
3.540000000000000000e+03 1.101000000000000000e+03
3.580000000000000000e+03 1.087000000000000000e+03
3.620000000000000000e+03 9.910000000000000000e+02
3.660000000000000000e+03 9.260000000000000000e+02
3.700000000000000000e+03 9.130000000000000000e+02
3.740000000000000000e+03 7.970000000000000000e+02
3.780000000000000000e+03 7.980000000000000000e+02
3.820000000000000000e+03 8.270000000000000000e+02
3.860000000000000000e+03 7.650000000000000000e+02
3.900000000000000000e+03 6.940000000000000000e+02
3.940000000000000000e+03 6.860000000000000000e+02
3.980000000000000000e+03 6.700000000000000000e+02
4.020000000000000000e+03 6.330000000000000000e+02
4.060000000000000000e+03 6.250000000000000000e+02
4.100000000000000000e+03 5.600000000000000000e+02
4.140000000000000000e+03 5.900000000000000000e+02
4.180000000000000000e+03 5.590000000000000000e+02
4.220000000000000000e+03 5.960000000000000000e+02
4.260000000000000000e+03 5.420000000000000000e+02
4.300000000000000000e+03 5.310000000000000000e+02
4.340000000000000000e+03 5.210000000000000000e+02
4.380000000000000000e+03 4.480000000000000000e+02
4.420000000000000000e+03 4.810000000000000000e+02
4.460000000000000000e+03 4.560000000000000000e+02
4.500000000000000000e+03 4.130000000000000000e+02
4.540000000000000000e+03 4.360000000000000000e+02
4.580000000000000000e+03 4.450000000000000000e+02
4.620000000000000000e+03 4.700000000000000000e+02
4.660000000000000000e+03 4.260000000000000000e+02
4.700000000000000000e+03 4.450000000000000000e+02
4.740000000000000000e+03 4.150000000000000000e+02
4.780000000000000000e+03 4.430000000000000000e+02
4.820000000000000000e+03 4.060000000000000000e+02
4.860000000000000000e+03 4.530000000000000000e+02
4.900000000000000000e+03 4.330000000000000000e+02
4.940000000000000000e+03 4.050000000000000000e+02
4.980000000000000000e+03 4.560000000000000000e+02
5.020000000000000000e+03 4.500000000000000000e+02
5.060000000000000000e+03 4.000000000000000000e+02
5.100000000000000000e+03 4.110000000000000000e+02
5.140000000000000000e+03 4.210000000000000000e+02
5.180000000000000000e+03 4.320000000000000000e+02
5.220000000000000000e+03 3.870000000000000000e+02
5.260000000000000000e+03 4.190000000000000000e+02
5.300000000000000000e+03 4.270000000000000000e+02
5.340000000000000000e+03 3.940000000000000000e+02
5.380000000000000000e+03 4.220000000000000000e+02
5.420000000000000000e+03 3.990000000000000000e+02
5.460000000000000000e+03 4.070000000000000000e+02
5.500000000000000000e+03 3.880000000000000000e+02
5.540000000000000000e+03 4.110000000000000000e+02
5.580000000000000000e+03 4.240000000000000000e+02
5.620000000000000000e+03 4.230000000000000000e+02
5.660000000000000000e+03 4.300000000000000000e+02
5.700000000000000000e+03 4.220000000000000000e+02
5.740000000000000000e+03 4.500000000000000000e+02
5.780000000000000000e+03 4.230000000000000000e+02
5.820000000000000000e+03 4.300000000000000000e+02
5.860000000000000000e+03 3.960000000000000000e+02
5.900000000000000000e+03 4.160000000000000000e+02
5.940000000000000000e+03 4.470000000000000000e+02
5.980000000000000000e+03 4.110000000000000000e+02
6.020000000000000000e+03 4.190000000000000000e+02
6.060000000000000000e+03 4.310000000000000000e+02
6.100000000000000000e+03 4.170000000000000000e+02
6.140000000000000000e+03 4.240000000000000000e+02
6.180000000000000000e+03 4.290000000000000000e+02
6.220000000000000000e+03 4.570000000000000000e+02
6.260000000000000000e+03 4.310000000000000000e+02
6.300000000000000000e+03 4.280000000000000000e+02
6.340000000000000000e+03 4.000000000000000000e+02
6.380000000000000000e+03 4.490000000000000000e+02
6.420000000000000000e+03 4.170000000000000000e+02
6.460000000000000000e+03 4.290000000000000000e+02
6.500000000000000000e+03 4.530000000000000000e+02
6.540000000000000000e+03 4.490000000000000000e+02
6.580000000000000000e+03 4.640000000000000000e+02
6.620000000000000000e+03 4.710000000000000000e+02
6.660000000000000000e+03 4.890000000000000000e+02
6.700000000000000000e+03 4.350000000000000000e+02
6.740000000000000000e+03 4.600000000000000000e+02
6.780000000000000000e+03 4.360000000000000000e+02
6.820000000000000000e+03 4.740000000000000000e+02
6.860000000000000000e+03 5.070000000000000000e+02
6.900000000000000000e+03 4.700000000000000000e+02
6.940000000000000000e+03 4.780000000000000000e+02
6.980000000000000000e+03 4.860000000000000000e+02
7.020000000000000000e+03 4.400000000000000000e+02
7.060000000000000000e+03 4.780000000000000000e+02
7.100000000000000000e+03 4.660000000000000000e+02
7.140000000000000000e+03 4.560000000000000000e+02
7.180000000000000000e+03 5.200000000000000000e+02
7.220000000000000000e+03 4.720000000000000000e+02
7.260000000000000000e+03 4.730000000000000000e+02
7.300000000000000000e+03 4.450000000000000000e+02
7.340000000000000000e+03 4.700000000000000000e+02
7.380000000000000000e+03 4.600000000000000000e+02
7.420000000000000000e+03 4.630000000000000000e+02
7.460000000000000000e+03 4.550000000000000000e+02
7.500000000000000000e+03 4.650000000000000000e+02
7.540000000000000000e+03 4.470000000000000000e+02
7.580000000000000000e+03 4.600000000000000000e+02
7.620000000000000000e+03 4.070000000000000000e+02
7.660000000000000000e+03 4.640000000000000000e+02
7.700000000000000000e+03 4.660000000000000000e+02
7.740000000000000000e+03 4.640000000000000000e+02
7.780000000000000000e+03 4.650000000000000000e+02
7.820000000000000000e+03 4.530000000000000000e+02
7.860000000000000000e+03 4.020000000000000000e+02
7.900000000000000000e+03 4.020000000000000000e+02
7.940000000000000000e+03 4.130000000000000000e+02
7.980000000000000000e+03 4.640000000000000000e+02
8.020000000000000000e+03 4.360000000000000000e+02
8.060000000000000000e+03 4.360000000000000000e+02
8.100000000000000000e+03 4.040000000000000000e+02
8.140000000000000000e+03 4.170000000000000000e+02
8.180000000000000000e+03 3.740000000000000000e+02
8.220000000000000000e+03 4.110000000000000000e+02
8.260000000000000000e+03 3.700000000000000000e+02
8.300000000000000000e+03 3.780000000000000000e+02
8.340000000000000000e+03 3.810000000000000000e+02
8.380000000000000000e+03 3.810000000000000000e+02
8.420000000000000000e+03 3.580000000000000000e+02
8.460000000000000000e+03 3.800000000000000000e+02
8.500000000000000000e+03 3.620000000000000000e+02
8.540000000000000000e+03 3.720000000000000000e+02
8.580000000000000000e+03 3.460000000000000000e+02
8.620000000000000000e+03 3.610000000000000000e+02
8.660000000000000000e+03 3.590000000000000000e+02
8.700000000000000000e+03 3.450000000000000000e+02
8.740000000000000000e+03 3.180000000000000000e+02
8.780000000000000000e+03 3.200000000000000000e+02
8.820000000000000000e+03 3.330000000000000000e+02
8.860000000000000000e+03 3.050000000000000000e+02
8.900000000000000000e+03 3.210000000000000000e+02
8.940000000000000000e+03 2.900000000000000000e+02
8.980000000000000000e+03 3.160000000000000000e+02
9.020000000000000000e+03 2.740000000000000000e+02
9.060000000000000000e+03 2.700000000000000000e+02
9.100000000000000000e+03 2.890000000000000000e+02
9.140000000000000000e+03 2.560000000000000000e+02
9.180000000000000000e+03 2.660000000000000000e+02
9.220000000000000000e+03 2.490000000000000000e+02
9.260000000000000000e+03 2.340000000000000000e+02
9.300000000000000000e+03 2.280000000000000000e+02
9.340000000000000000e+03 2.170000000000000000e+02
9.380000000000000000e+03 2.300000000000000000e+02
9.420000000000000000e+03 2.300000000000000000e+02
9.460000000000000000e+03 2.180000000000000000e+02
9.500000000000000000e+03 2.160000000000000000e+02
9.540000000000000000e+03 2.250000000000000000e+02
9.580000000000000000e+03 1.870000000000000000e+02
9.620000000000000000e+03 1.760000000000000000e+02
9.660000000000000000e+03 2.060000000000000000e+02
9.700000000000000000e+03 1.740000000000000000e+02
9.740000000000000000e+03 1.670000000000000000e+02
9.780000000000000000e+03 1.720000000000000000e+02
9.820000000000000000e+03 1.820000000000000000e+02
9.860000000000000000e+03 1.440000000000000000e+02
9.900000000000000000e+03 1.470000000000000000e+02
9.940000000000000000e+03 1.570000000000000000e+02
9.980000000000000000e+03 1.510000000000000000e+02
1.002000000000000000e+04 1.520000000000000000e+02
1.006000000000000000e+04 1.350000000000000000e+02
1.010000000000000000e+04 1.120000000000000000e+02
1.014000000000000000e+04 1.170000000000000000e+02
1.018000000000000000e+04 1.160000000000000000e+02
1.022000000000000000e+04 1.260000000000000000e+02
1.026000000000000000e+04 1.070000000000000000e+02
1.030000000000000000e+04 1.200000000000000000e+02
1.034000000000000000e+04 9.400000000000000000e+01
1.038000000000000000e+04 1.040000000000000000e+02
1.042000000000000000e+04 1.050000000000000000e+02
1.046000000000000000e+04 8.200000000000000000e+01
1.050000000000000000e+04 8.200000000000000000e+01
1.054000000000000000e+04 8.800000000000000000e+01
1.058000000000000000e+04 9.300000000000000000e+01
1.062000000000000000e+04 7.700000000000000000e+01
1.066000000000000000e+04 8.500000000000000000e+01
1.070000000000000000e+04 8.800000000000000000e+01
1.074000000000000000e+04 8.700000000000000000e+01
1.078000000000000000e+04 7.600000000000000000e+01
1.082000000000000000e+04 7.600000000000000000e+01
1.086000000000000000e+04 5.900000000000000000e+01
1.090000000000000000e+04 5.100000000000000000e+01
1.094000000000000000e+04 7.600000000000000000e+01
1.098000000000000000e+04 5.000000000000000000e+01
1.102000000000000000e+04 5.100000000000000000e+01
1.106000000000000000e+04 4.300000000000000000e+01
1.110000000000000000e+04 5.900000000000000000e+01
1.114000000000000000e+04 4.200000000000000000e+01
1.118000000000000000e+04 4.700000000000000000e+01
1.122000000000000000e+04 4.200000000000000000e+01
1.126000000000000000e+04 5.100000000000000000e+01
1.130000000000000000e+04 4.600000000000000000e+01
1.134000000000000000e+04 4.800000000000000000e+01
1.138000000000000000e+04 4.000000000000000000e+01
1.142000000000000000e+04 3.500000000000000000e+01
1.146000000000000000e+04 4.500000000000000000e+01
1.150000000000000000e+04 3.000000000000000000e+01
1.154000000000000000e+04 3.400000000000000000e+01
1.158000000000000000e+04 3.100000000000000000e+01
1.162000000000000000e+04 2.000000000000000000e+01
1.166000000000000000e+04 2.800000000000000000e+01
1.170000000000000000e+04 3.100000000000000000e+01
1.174000000000000000e+04 4.000000000000000000e+01
1.178000000000000000e+04 3.600000000000000000e+01
1.182000000000000000e+04 2.500000000000000000e+01
1.186000000000000000e+04 3.300000000000000000e+01
1.190000000000000000e+04 2.700000000000000000e+01
1.194000000000000000e+04 1.800000000000000000e+01
1.198000000000000000e+04 2.100000000000000000e+01
1.202000000000000000e+04 1.800000000000000000e+01
1.206000000000000000e+04 2.000000000000000000e+01
1.210000000000000000e+04 1.300000000000000000e+01
1.214000000000000000e+04 2.200000000000000000e+01
1.218000000000000000e+04 1.600000000000000000e+01
1.222000000000000000e+04 1.900000000000000000e+01
1.226000000000000000e+04 1.700000000000000000e+01
1.230000000000000000e+04 1.500000000000000000e+01
1.234000000000000000e+04 1.500000000000000000e+01
1.238000000000000000e+04 1.400000000000000000e+01
1.242000000000000000e+04 1.800000000000000000e+01
1.246000000000000000e+04 6.000000000000000000e+00
1.250000000000000000e+04 1.400000000000000000e+01
1.254000000000000000e+04 1.200000000000000000e+01
1.258000000000000000e+04 8.000000000000000000e+00
1.262000000000000000e+04 1.500000000000000000e+01
1.266000000000000000e+04 1.100000000000000000e+01
1.270000000000000000e+04 1.500000000000000000e+01
1.274000000000000000e+04 9.000000000000000000e+00
1.278000000000000000e+04 7.000000000000000000e+00
1.282000000000000000e+04 1.300000000000000000e+01
1.286000000000000000e+04 1.300000000000000000e+01
1.290000000000000000e+04 7.000000000000000000e+00
1.294000000000000000e+04 1.200000000000000000e+01
1.298000000000000000e+04 1.100000000000000000e+01
1.302000000000000000e+04 1.000000000000000000e+01
1.306000000000000000e+04 4.000000000000000000e+00
1.310000000000000000e+04 9.000000000000000000e+00
1.314000000000000000e+04 8.000000000000000000e+00
1.318000000000000000e+04 5.000000000000000000e+00
1.322000000000000000e+04 8.000000000000000000e+00
1.326000000000000000e+04 4.000000000000000000e+00
1.330000000000000000e+04 7.000000000000000000e+00
1.334000000000000000e+04 4.000000000000000000e+00
1.338000000000000000e+04 7.000000000000000000e+00
1.342000000000000000e+04 8.000000000000000000e+00
1.346000000000000000e+04 7.000000000000000000e+00
1.350000000000000000e+04 7.000000000000000000e+00
1.354000000000000000e+04 8.000000000000000000e+00
1.358000000000000000e+04 8.000000000000000000e+00
1.362000000000000000e+04 3.000000000000000000e+00
1.366000000000000000e+04 4.000000000000000000e+00
1.370000000000000000e+04 6.000000000000000000e+00
1.374000000000000000e+04 8.000000000000000000e+00
1.378000000000000000e+04 5.000000000000000000e+00
1.382000000000000000e+04 6.000000000000000000e+00
1.386000000000000000e+04 8.000000000000000000e+00
1.390000000000000000e+04 1.000000000000000000e+00
1.394000000000000000e+04 1.000000000000000000e+00
1.398000000000000000e+04 1.000000000000000000e+00
1.402000000000000000e+04 4.000000000000000000e+00
1.406000000000000000e+04 1.000000000000000000e+00
1.410000000000000000e+04 4.000000000000000000e+00
1.414000000000000000e+04 5.000000000000000000e+00
1.418000000000000000e+04 1.000000000000000000e+00
1.422000000000000000e+04 8.000000000000000000e+00
1.426000000000000000e+04 1.000000000000000000e+00
1.430000000000000000e+04 2.000000000000000000e+00
1.434000000000000000e+04 2.000000000000000000e+00
1.438000000000000000e+04 4.000000000000000000e+00
1.442000000000000000e+04 2.000000000000000000e+00
1.446000000000000000e+04 9.000000000000000000e+00
1.450000000000000000e+04 6.000000000000000000e+00
1.454000000000000000e+04 3.000000000000000000e+00
1.458000000000000000e+04 2.000000000000000000e+00
1.462000000000000000e+04 2.000000000000000000e+00
1.466000000000000000e+04 3.000000000000000000e+00
1.470000000000000000e+04 2.000000000000000000e+00
1.474000000000000000e+04 0.000000000000000000e+00
1.478000000000000000e+04 3.000000000000000000e+00
1.482000000000000000e+04 2.000000000000000000e+00
1.486000000000000000e+04 4.000000000000000000e+00
1.490000000000000000e+04 5.000000000000000000e+00
1.494000000000000000e+04 2.000000000000000000e+00
1.498000000000000000e+04 1.000000000000000000e+00
1.502000000000000000e+04 4.000000000000000000e+00
1.506000000000000000e+04 3.000000000000000000e+00
1.510000000000000000e+04 1.000000000000000000e+00
1.514000000000000000e+04 5.000000000000000000e+00
1.518000000000000000e+04 7.000000000000000000e+00
1.522000000000000000e+04 5.000000000000000000e+00
1.526000000000000000e+04 3.000000000000000000e+00
1.530000000000000000e+04 3.000000000000000000e+00
1.534000000000000000e+04 4.000000000000000000e+00
1.538000000000000000e+04 2.000000000000000000e+00
1.542000000000000000e+04 0.000000000000000000e+00
1.546000000000000000e+04 2.000000000000000000e+00
1.550000000000000000e+04 1.000000000000000000e+00
1.554000000000000000e+04 2.000000000000000000e+00
1.558000000000000000e+04 3.000000000000000000e+00
1.562000000000000000e+04 3.000000000000000000e+00
1.566000000000000000e+04 1.000000000000000000e+00
1.570000000000000000e+04 1.000000000000000000e+00
1.574000000000000000e+04 3.000000000000000000e+00
1.578000000000000000e+04 1.000000000000000000e+00
1.582000000000000000e+04 1.000000000000000000e+00
1.586000000000000000e+04 2.000000000000000000e+00
1.590000000000000000e+04 3.000000000000000000e+00
1.594000000000000000e+04 1.000000000000000000e+00
1.598000000000000000e+04 1.000000000000000000e+00
1.602000000000000000e+04 3.000000000000000000e+00
1.606000000000000000e+04 2.000000000000000000e+00
1.610000000000000000e+04 1.000000000000000000e+00
1.614000000000000000e+04 1.000000000000000000e+00
1.618000000000000000e+04 1.000000000000000000e+00
1.622000000000000000e+04 3.000000000000000000e+00
1.626000000000000000e+04 2.000000000000000000e+00
1.630000000000000000e+04 4.000000000000000000e+00
1.634000000000000000e+04 4.000000000000000000e+00
1.638000000000000000e+04 4.000000000000000000e+00
1.642000000000000000e+04 0.000000000000000000e+00
1.646000000000000000e+04 3.000000000000000000e+00
1.650000000000000000e+04 3.000000000000000000e+00
1.654000000000000000e+04 3.000000000000000000e+00
1.658000000000000000e+04 2.000000000000000000e+00
1.662000000000000000e+04 1.000000000000000000e+00
1.666000000000000000e+04 3.000000000000000000e+00
1.670000000000000000e+04 0.000000000000000000e+00
1.674000000000000000e+04 2.000000000000000000e+00
1.678000000000000000e+04 1.000000000000000000e+00
1.682000000000000000e+04 1.000000000000000000e+00
1.686000000000000000e+04 0.000000000000000000e+00
1.690000000000000000e+04 3.000000000000000000e+00
1.694000000000000000e+04 2.000000000000000000e+00
1.698000000000000000e+04 2.000000000000000000e+00
1.702000000000000000e+04 2.000000000000000000e+00
1.706000000000000000e+04 4.000000000000000000e+00
1.710000000000000000e+04 5.000000000000000000e+00
1.714000000000000000e+04 4.000000000000000000e+00
1.718000000000000000e+04 1.000000000000000000e+00
1.722000000000000000e+04 4.000000000000000000e+00
1.726000000000000000e+04 3.000000000000000000e+00
1.730000000000000000e+04 0.000000000000000000e+00
1.734000000000000000e+04 1.000000000000000000e+00
1.738000000000000000e+04 2.000000000000000000e+00
1.742000000000000000e+04 1.000000000000000000e+00
1.746000000000000000e+04 3.000000000000000000e+00
1.750000000000000000e+04 0.000000000000000000e+00
1.754000000000000000e+04 2.000000000000000000e+00
1.758000000000000000e+04 3.000000000000000000e+00
1.762000000000000000e+04 4.000000000000000000e+00
1.766000000000000000e+04 3.000000000000000000e+00
1.770000000000000000e+04 4.000000000000000000e+00
1.774000000000000000e+04 1.000000000000000000e+00
1.778000000000000000e+04 1.000000000000000000e+00
1.782000000000000000e+04 0.000000000000000000e+00
1.786000000000000000e+04 1.000000000000000000e+00
1.790000000000000000e+04 2.000000000000000000e+00
1.794000000000000000e+04 1.000000000000000000e+00
1.798000000000000000e+04 2.000000000000000000e+00
1.802000000000000000e+04 4.000000000000000000e+00
1.806000000000000000e+04 1.000000000000000000e+00
1.810000000000000000e+04 3.000000000000000000e+00
1.814000000000000000e+04 3.000000000000000000e+00
1.818000000000000000e+04 2.000000000000000000e+00
1.822000000000000000e+04 3.000000000000000000e+00
1.826000000000000000e+04 2.000000000000000000e+00
1.830000000000000000e+04 2.000000000000000000e+00
1.834000000000000000e+04 1.000000000000000000e+00
1.838000000000000000e+04 3.000000000000000000e+00
1.842000000000000000e+04 3.000000000000000000e+00
1.846000000000000000e+04 2.000000000000000000e+00
1.850000000000000000e+04 4.000000000000000000e+00
1.854000000000000000e+04 1.000000000000000000e+00
1.858000000000000000e+04 5.000000000000000000e+00
1.862000000000000000e+04 1.000000000000000000e+00
1.866000000000000000e+04 2.000000000000000000e+00
1.870000000000000000e+04 0.000000000000000000e+00
1.874000000000000000e+04 0.000000000000000000e+00
1.878000000000000000e+04 4.000000000000000000e+00
1.882000000000000000e+04 1.000000000000000000e+00
1.886000000000000000e+04 2.000000000000000000e+00
1.890000000000000000e+04 2.000000000000000000e+00
1.894000000000000000e+04 3.000000000000000000e+00
1.898000000000000000e+04 1.000000000000000000e+00
1.902000000000000000e+04 1.000000000000000000e+00
1.906000000000000000e+04 3.000000000000000000e+00
1.910000000000000000e+04 1.000000000000000000e+00
1.914000000000000000e+04 1.000000000000000000e+00
1.918000000000000000e+04 3.000000000000000000e+00
1.922000000000000000e+04 2.000000000000000000e+00
1.926000000000000000e+04 1.000000000000000000e+00
1.930000000000000000e+04 2.000000000000000000e+00
1.934000000000000000e+04 2.000000000000000000e+00
1.938000000000000000e+04 5.000000000000000000e+00
1.942000000000000000e+04 4.000000000000000000e+00
1.946000000000000000e+04 2.000000000000000000e+00
1.950000000000000000e+04 1.000000000000000000e+00
1.954000000000000000e+04 2.000000000000000000e+00
1.958000000000000000e+04 1.000000000000000000e+00
1.962000000000000000e+04 2.000000000000000000e+00
1.966000000000000000e+04 1.000000000000000000e+00
1.970000000000000000e+04 4.000000000000000000e+00
1.974000000000000000e+04 5.000000000000000000e+00
1.978000000000000000e+04 2.000000000000000000e+00
1.982000000000000000e+04 0.000000000000000000e+00
1.986000000000000000e+04 0.000000000000000000e+00
1.990000000000000000e+04 5.000000000000000000e+00
1.994000000000000000e+04 0.000000000000000000e+00
1.998000000000000000e+04 2.000000000000000000e+00
2.002000000000000000e+04 2.000000000000000000e+00
2.006000000000000000e+04 2.000000000000000000e+00
2.010000000000000000e+04 4.000000000000000000e+00
2.014000000000000000e+04 1.000000000000000000e+00
2.018000000000000000e+04 3.000000000000000000e+00
2.022000000000000000e+04 3.000000000000000000e+00
2.026000000000000000e+04 1.000000000000000000e+00
2.030000000000000000e+04 1.000000000000000000e+00
2.034000000000000000e+04 4.000000000000000000e+00
2.038000000000000000e+04 1.000000000000000000e+00
2.042000000000000000e+04 1.000000000000000000e+00
2.046000000000000000e+04 3.000000000000000000e+00
2.050000000000000000e+04 2.000000000000000000e+00
2.054000000000000000e+04 0.000000000000000000e+00
2.058000000000000000e+04 1.000000000000000000e+00
2.062000000000000000e+04 1.000000000000000000e+00
2.066000000000000000e+04 0.000000000000000000e+00
2.070000000000000000e+04 2.000000000000000000e+00
2.074000000000000000e+04 1.000000000000000000e+00
2.078000000000000000e+04 2.000000000000000000e+00
2.082000000000000000e+04 3.000000000000000000e+00
2.086000000000000000e+04 3.000000000000000000e+00
2.090000000000000000e+04 5.000000000000000000e+00
2.094000000000000000e+04 1.000000000000000000e+00
2.098000000000000000e+04 2.000000000000000000e+00
2.102000000000000000e+04 2.000000000000000000e+00
2.106000000000000000e+04 0.000000000000000000e+00
2.110000000000000000e+04 1.000000000000000000e+00
2.114000000000000000e+04 3.000000000000000000e+00
2.118000000000000000e+04 2.000000000000000000e+00
2.122000000000000000e+04 1.000000000000000000e+00
2.126000000000000000e+04 4.000000000000000000e+00
2.130000000000000000e+04 4.000000000000000000e+00
2.134000000000000000e+04 5.000000000000000000e+00
2.138000000000000000e+04 0.000000000000000000e+00
2.142000000000000000e+04 1.000000000000000000e+00
2.146000000000000000e+04 1.000000000000000000e+00
2.150000000000000000e+04 2.000000000000000000e+00
2.154000000000000000e+04 2.000000000000000000e+00
2.158000000000000000e+04 0.000000000000000000e+00
2.162000000000000000e+04 1.000000000000000000e+00
2.166000000000000000e+04 1.000000000000000000e+00
2.170000000000000000e+04 1.000000000000000000e+00
2.174000000000000000e+04 0.000000000000000000e+00
2.178000000000000000e+04 3.000000000000000000e+00
2.182000000000000000e+04 3.000000000000000000e+00
2.186000000000000000e+04 5.000000000000000000e+00
2.190000000000000000e+04 6.000000000000000000e+00
2.194000000000000000e+04 2.000000000000000000e+00
2.198000000000000000e+04 0.000000000000000000e+00
2.202000000000000000e+04 3.000000000000000000e+00
2.206000000000000000e+04 1.000000000000000000e+00
2.210000000000000000e+04 2.000000000000000000e+00
2.214000000000000000e+04 2.000000000000000000e+00
2.218000000000000000e+04 3.000000000000000000e+00
2.222000000000000000e+04 1.000000000000000000e+00
2.226000000000000000e+04 5.000000000000000000e+00
2.230000000000000000e+04 2.000000000000000000e+00
2.234000000000000000e+04 2.000000000000000000e+00
2.238000000000000000e+04 5.000000000000000000e+00
2.242000000000000000e+04 1.000000000000000000e+00
2.246000000000000000e+04 5.000000000000000000e+00
2.250000000000000000e+04 2.000000000000000000e+00
2.254000000000000000e+04 2.000000000000000000e+00
2.258000000000000000e+04 2.000000000000000000e+00
2.262000000000000000e+04 4.000000000000000000e+00
2.266000000000000000e+04 2.000000000000000000e+00
2.270000000000000000e+04 4.000000000000000000e+00
2.274000000000000000e+04 3.000000000000000000e+00
2.278000000000000000e+04 4.000000000000000000e+00
2.282000000000000000e+04 2.000000000000000000e+00
2.286000000000000000e+04 2.000000000000000000e+00
2.290000000000000000e+04 3.000000000000000000e+00
2.294000000000000000e+04 5.000000000000000000e+00
2.298000000000000000e+04 3.000000000000000000e+00
2.302000000000000000e+04 1.000000000000000000e+00
2.306000000000000000e+04 0.000000000000000000e+00
2.310000000000000000e+04 2.000000000000000000e+00
2.314000000000000000e+04 3.000000000000000000e+00
2.318000000000000000e+04 1.000000000000000000e+00
2.322000000000000000e+04 4.000000000000000000e+00
2.326000000000000000e+04 0.000000000000000000e+00
2.330000000000000000e+04 2.000000000000000000e+00
2.334000000000000000e+04 4.000000000000000000e+00
2.338000000000000000e+04 2.000000000000000000e+00
2.342000000000000000e+04 1.000000000000000000e+00
2.346000000000000000e+04 2.000000000000000000e+00
2.350000000000000000e+04 1.000000000000000000e+00
2.354000000000000000e+04 3.000000000000000000e+00
2.358000000000000000e+04 2.000000000000000000e+00
2.362000000000000000e+04 5.000000000000000000e+00
2.366000000000000000e+04 1.000000000000000000e+00
2.370000000000000000e+04 1.000000000000000000e+00
2.374000000000000000e+04 4.000000000000000000e+00
2.378000000000000000e+04 4.000000000000000000e+00
2.382000000000000000e+04 2.000000000000000000e+00
2.386000000000000000e+04 3.000000000000000000e+00
2.390000000000000000e+04 2.000000000000000000e+00
2.394000000000000000e+04 3.000000000000000000e+00
2.398000000000000000e+04 5.000000000000000000e+00
2.402000000000000000e+04 0.000000000000000000e+00
2.406000000000000000e+04 1.000000000000000000e+00
2.410000000000000000e+04 2.000000000000000000e+00
2.414000000000000000e+04 2.000000000000000000e+00
2.418000000000000000e+04 2.000000000000000000e+00
2.422000000000000000e+04 4.000000000000000000e+00
2.426000000000000000e+04 2.000000000000000000e+00
2.430000000000000000e+04 2.000000000000000000e+00
2.434000000000000000e+04 2.000000000000000000e+00
2.438000000000000000e+04 0.000000000000000000e+00
2.442000000000000000e+04 0.000000000000000000e+00
2.446000000000000000e+04 2.000000000000000000e+00
2.450000000000000000e+04 2.000000000000000000e+00
2.454000000000000000e+04 1.000000000000000000e+00
2.458000000000000000e+04 4.000000000000000000e+00
2.462000000000000000e+04 2.000000000000000000e+00
2.466000000000000000e+04 2.000000000000000000e+00
2.470000000000000000e+04 1.000000000000000000e+00
2.474000000000000000e+04 7.000000000000000000e+00
2.478000000000000000e+04 2.000000000000000000e+00
2.482000000000000000e+04 2.000000000000000000e+00
2.486000000000000000e+04 3.000000000000000000e+00
2.490000000000000000e+04 3.000000000000000000e+00
2.494000000000000000e+04 2.000000000000000000e+00
2.498000000000000000e+04 1.000000000000000000e+00
2.502000000000000000e+04 2.000000000000000000e+00
2.506000000000000000e+04 1.000000000000000000e+00
2.510000000000000000e+04 3.000000000000000000e+00
2.514000000000000000e+04 5.000000000000000000e+00
2.518000000000000000e+04 3.000000000000000000e+00
2.522000000000000000e+04 2.000000000000000000e+00
2.526000000000000000e+04 2.000000000000000000e+00
2.530000000000000000e+04 1.000000000000000000e+00
2.534000000000000000e+04 2.000000000000000000e+00
2.538000000000000000e+04 2.000000000000000000e+00
2.542000000000000000e+04 3.000000000000000000e+00
2.546000000000000000e+04 4.000000000000000000e+00
2.550000000000000000e+04 1.000000000000000000e+00
2.554000000000000000e+04 1.000000000000000000e+00
2.558000000000000000e+04 1.000000000000000000e+00
2.562000000000000000e+04 0.000000000000000000e+00
2.566000000000000000e+04 1.000000000000000000e+00
2.570000000000000000e+04 3.000000000000000000e+00
2.574000000000000000e+04 4.000000000000000000e+00
2.578000000000000000e+04 0.000000000000000000e+00
2.582000000000000000e+04 1.000000000000000000e+00
2.586000000000000000e+04 2.000000000000000000e+00
2.590000000000000000e+04 2.000000000000000000e+00
2.594000000000000000e+04 2.000000000000000000e+00
2.598000000000000000e+04 1.000000000000000000e+00
2.602000000000000000e+04 1.000000000000000000e+00
2.606000000000000000e+04 5.000000000000000000e+00
2.610000000000000000e+04 5.000000000000000000e+00
2.614000000000000000e+04 2.000000000000000000e+00
2.618000000000000000e+04 0.000000000000000000e+00
2.622000000000000000e+04 5.000000000000000000e+00
2.626000000000000000e+04 0.000000000000000000e+00
2.630000000000000000e+04 1.000000000000000000e+00
2.634000000000000000e+04 4.000000000000000000e+00
2.638000000000000000e+04 3.000000000000000000e+00
2.642000000000000000e+04 4.000000000000000000e+00
2.646000000000000000e+04 1.000000000000000000e+00
2.650000000000000000e+04 2.000000000000000000e+00
2.654000000000000000e+04 0.000000000000000000e+00
2.658000000000000000e+04 2.000000000000000000e+00
2.662000000000000000e+04 3.000000000000000000e+00
2.666000000000000000e+04 2.000000000000000000e+00
2.670000000000000000e+04 3.000000000000000000e+00
2.674000000000000000e+04 0.000000000000000000e+00
2.678000000000000000e+04 2.000000000000000000e+00
2.682000000000000000e+04 4.000000000000000000e+00
2.686000000000000000e+04 3.000000000000000000e+00
2.690000000000000000e+04 1.000000000000000000e+00
2.694000000000000000e+04 4.000000000000000000e+00
2.698000000000000000e+04 3.000000000000000000e+00
2.702000000000000000e+04 2.000000000000000000e+00
2.706000000000000000e+04 3.000000000000000000e+00
2.710000000000000000e+04 1.000000000000000000e+00
2.714000000000000000e+04 3.000000000000000000e+00
2.718000000000000000e+04 1.000000000000000000e+00
2.722000000000000000e+04 2.000000000000000000e+00
2.726000000000000000e+04 2.000000000000000000e+00
2.730000000000000000e+04 1.000000000000000000e+00
2.734000000000000000e+04 2.000000000000000000e+00
2.738000000000000000e+04 4.000000000000000000e+00
2.742000000000000000e+04 2.000000000000000000e+00
2.746000000000000000e+04 2.000000000000000000e+00
2.750000000000000000e+04 1.000000000000000000e+00
2.754000000000000000e+04 1.000000000000000000e+00
2.758000000000000000e+04 0.000000000000000000e+00
2.762000000000000000e+04 2.000000000000000000e+00
2.766000000000000000e+04 0.000000000000000000e+00
2.770000000000000000e+04 2.000000000000000000e+00
2.774000000000000000e+04 2.000000000000000000e+00
2.778000000000000000e+04 2.000000000000000000e+00
2.782000000000000000e+04 1.000000000000000000e+00
2.786000000000000000e+04 1.000000000000000000e+00
2.790000000000000000e+04 0.000000000000000000e+00
2.794000000000000000e+04 3.000000000000000000e+00
2.798000000000000000e+04 5.000000000000000000e+00
2.802000000000000000e+04 4.000000000000000000e+00
2.806000000000000000e+04 2.000000000000000000e+00
2.810000000000000000e+04 3.000000000000000000e+00
2.814000000000000000e+04 3.000000000000000000e+00
2.818000000000000000e+04 1.000000000000000000e+00
2.822000000000000000e+04 1.000000000000000000e+00
2.826000000000000000e+04 3.000000000000000000e+00
2.830000000000000000e+04 2.000000000000000000e+00
2.834000000000000000e+04 4.000000000000000000e+00
2.838000000000000000e+04 2.000000000000000000e+00
2.842000000000000000e+04 1.000000000000000000e+00
2.846000000000000000e+04 3.000000000000000000e+00
2.850000000000000000e+04 0.000000000000000000e+00
2.854000000000000000e+04 3.000000000000000000e+00
2.858000000000000000e+04 2.000000000000000000e+00
2.862000000000000000e+04 3.000000000000000000e+00
2.866000000000000000e+04 1.000000000000000000e+00
2.870000000000000000e+04 3.000000000000000000e+00
2.874000000000000000e+04 2.000000000000000000e+00
2.878000000000000000e+04 2.000000000000000000e+00
2.882000000000000000e+04 1.000000000000000000e+00
2.886000000000000000e+04 4.000000000000000000e+00
2.890000000000000000e+04 1.000000000000000000e+00
2.894000000000000000e+04 4.000000000000000000e+00
2.898000000000000000e+04 1.000000000000000000e+00
2.902000000000000000e+04 3.000000000000000000e+00
2.906000000000000000e+04 0.000000000000000000e+00
2.910000000000000000e+04 4.000000000000000000e+00
2.914000000000000000e+04 2.000000000000000000e+00
2.918000000000000000e+04 1.000000000000000000e+00
2.922000000000000000e+04 1.000000000000000000e+00
2.926000000000000000e+04 0.000000000000000000e+00
2.930000000000000000e+04 1.000000000000000000e+00
2.934000000000000000e+04 3.000000000000000000e+00
2.938000000000000000e+04 3.000000000000000000e+00
2.942000000000000000e+04 3.000000000000000000e+00
2.946000000000000000e+04 0.000000000000000000e+00
2.950000000000000000e+04 3.000000000000000000e+00
2.954000000000000000e+04 2.000000000000000000e+00
2.958000000000000000e+04 1.000000000000000000e+00
2.962000000000000000e+04 2.000000000000000000e+00
2.966000000000000000e+04 1.000000000000000000e+00
2.970000000000000000e+04 1.000000000000000000e+00
2.974000000000000000e+04 3.000000000000000000e+00
2.978000000000000000e+04 0.000000000000000000e+00
2.982000000000000000e+04 2.000000000000000000e+00
2.986000000000000000e+04 4.000000000000000000e+00
2.990000000000000000e+04 1.000000000000000000e+00
2.994000000000000000e+04 1.000000000000000000e+00
2.998000000000000000e+04 4.000000000000000000e+00
3.002000000000000000e+04 1.000000000000000000e+00
3.006000000000000000e+04 2.000000000000000000e+00
3.010000000000000000e+04 1.000000000000000000e+00
3.014000000000000000e+04 0.000000000000000000e+00
3.018000000000000000e+04 1.000000000000000000e+00
3.022000000000000000e+04 1.000000000000000000e+00
3.026000000000000000e+04 5.000000000000000000e+00
3.030000000000000000e+04 1.000000000000000000e+00
3.034000000000000000e+04 2.000000000000000000e+00
3.038000000000000000e+04 1.000000000000000000e+00
3.042000000000000000e+04 2.000000000000000000e+00
3.046000000000000000e+04 3.000000000000000000e+00
3.050000000000000000e+04 5.000000000000000000e+00
3.054000000000000000e+04 0.000000000000000000e+00
3.058000000000000000e+04 1.000000000000000000e+00
3.062000000000000000e+04 0.000000000000000000e+00
3.066000000000000000e+04 1.000000000000000000e+00
3.070000000000000000e+04 0.000000000000000000e+00
3.074000000000000000e+04 4.000000000000000000e+00
3.078000000000000000e+04 3.000000000000000000e+00
3.082000000000000000e+04 3.000000000000000000e+00
3.086000000000000000e+04 0.000000000000000000e+00
3.090000000000000000e+04 2.000000000000000000e+00
3.094000000000000000e+04 1.000000000000000000e+00
3.098000000000000000e+04 1.000000000000000000e+00
3.102000000000000000e+04 0.000000000000000000e+00
3.106000000000000000e+04 1.000000000000000000e+00
3.110000000000000000e+04 0.000000000000000000e+00
3.114000000000000000e+04 3.000000000000000000e+00
3.118000000000000000e+04 0.000000000000000000e+00
3.122000000000000000e+04 2.000000000000000000e+00
3.126000000000000000e+04 1.000000000000000000e+00
3.130000000000000000e+04 1.000000000000000000e+00
3.134000000000000000e+04 4.000000000000000000e+00
3.138000000000000000e+04 3.000000000000000000e+00
3.142000000000000000e+04 2.000000000000000000e+00
3.146000000000000000e+04 2.000000000000000000e+00
3.150000000000000000e+04 2.000000000000000000e+00
3.154000000000000000e+04 2.000000000000000000e+00
3.158000000000000000e+04 1.000000000000000000e+00
3.162000000000000000e+04 3.000000000000000000e+00
3.166000000000000000e+04 0.000000000000000000e+00
3.170000000000000000e+04 1.000000000000000000e+00
3.174000000000000000e+04 2.000000000000000000e+00
3.178000000000000000e+04 3.000000000000000000e+00
3.182000000000000000e+04 1.000000000000000000e+00
3.186000000000000000e+04 2.000000000000000000e+00
3.190000000000000000e+04 0.000000000000000000e+00
3.194000000000000000e+04 0.000000000000000000e+00
3.198000000000000000e+04 0.000000000000000000e+00
3.202000000000000000e+04 1.000000000000000000e+00
3.206000000000000000e+04 0.000000000000000000e+00
3.210000000000000000e+04 1.000000000000000000e+00
3.214000000000000000e+04 1.000000000000000000e+00
3.218000000000000000e+04 3.000000000000000000e+00
3.222000000000000000e+04 1.000000000000000000e+00
3.226000000000000000e+04 1.000000000000000000e+00
3.230000000000000000e+04 1.000000000000000000e+00
3.234000000000000000e+04 0.000000000000000000e+00
3.238000000000000000e+04 1.000000000000000000e+00
3.242000000000000000e+04 2.000000000000000000e+00
3.246000000000000000e+04 0.000000000000000000e+00
3.250000000000000000e+04 2.000000000000000000e+00
3.254000000000000000e+04 1.000000000000000000e+00
3.258000000000000000e+04 2.000000000000000000e+00
3.262000000000000000e+04 1.000000000000000000e+00
3.266000000000000000e+04 1.000000000000000000e+00
3.270000000000000000e+04 0.000000000000000000e+00
3.274000000000000000e+04 1.000000000000000000e+00
3.278000000000000000e+04 1.000000000000000000e+00
3.282000000000000000e+04 1.000000000000000000e+00
3.286000000000000000e+04 2.000000000000000000e+00
3.290000000000000000e+04 3.000000000000000000e+00
3.294000000000000000e+04 5.000000000000000000e+00
3.298000000000000000e+04 0.000000000000000000e+00
3.302000000000000000e+04 2.000000000000000000e+00
3.306000000000000000e+04 2.000000000000000000e+00
3.310000000000000000e+04 3.000000000000000000e+00
3.314000000000000000e+04 2.000000000000000000e+00
3.318000000000000000e+04 4.000000000000000000e+00
3.322000000000000000e+04 1.000000000000000000e+00
3.326000000000000000e+04 2.000000000000000000e+00
3.330000000000000000e+04 1.000000000000000000e+00
3.334000000000000000e+04 2.000000000000000000e+00
3.338000000000000000e+04 2.000000000000000000e+00
3.342000000000000000e+04 1.000000000000000000e+00
3.346000000000000000e+04 1.000000000000000000e+00
3.350000000000000000e+04 2.000000000000000000e+00
3.354000000000000000e+04 5.000000000000000000e+00
3.358000000000000000e+04 3.000000000000000000e+00
3.362000000000000000e+04 0.000000000000000000e+00
3.366000000000000000e+04 0.000000000000000000e+00
3.370000000000000000e+04 1.000000000000000000e+00
3.374000000000000000e+04 2.000000000000000000e+00
3.378000000000000000e+04 5.000000000000000000e+00
3.382000000000000000e+04 1.000000000000000000e+00
3.386000000000000000e+04 4.000000000000000000e+00
3.390000000000000000e+04 1.000000000000000000e+00
3.394000000000000000e+04 2.000000000000000000e+00
3.398000000000000000e+04 0.000000000000000000e+00
3.402000000000000000e+04 3.000000000000000000e+00
3.406000000000000000e+04 2.000000000000000000e+00
3.410000000000000000e+04 0.000000000000000000e+00
3.414000000000000000e+04 0.000000000000000000e+00
3.418000000000000000e+04 1.000000000000000000e+00
3.422000000000000000e+04 2.000000000000000000e+00
3.426000000000000000e+04 0.000000000000000000e+00
3.430000000000000000e+04 3.000000000000000000e+00
3.434000000000000000e+04 3.000000000000000000e+00
3.438000000000000000e+04 1.000000000000000000e+00
3.442000000000000000e+04 0.000000000000000000e+00
3.446000000000000000e+04 0.000000000000000000e+00
3.450000000000000000e+04 0.000000000000000000e+00
3.454000000000000000e+04 1.000000000000000000e+00
3.458000000000000000e+04 3.000000000000000000e+00
3.462000000000000000e+04 3.000000000000000000e+00
3.466000000000000000e+04 4.000000000000000000e+00
3.470000000000000000e+04 1.000000000000000000e+00
3.474000000000000000e+04 0.000000000000000000e+00
3.478000000000000000e+04 0.000000000000000000e+00
3.482000000000000000e+04 1.000000000000000000e+00
3.486000000000000000e+04 2.000000000000000000e+00
3.490000000000000000e+04 1.000000000000000000e+00
3.494000000000000000e+04 1.000000000000000000e+00
3.498000000000000000e+04 0.000000000000000000e+00
3.502000000000000000e+04 1.000000000000000000e+00
3.506000000000000000e+04 2.000000000000000000e+00
3.510000000000000000e+04 2.000000000000000000e+00
3.514000000000000000e+04 1.000000000000000000e+00
3.518000000000000000e+04 0.000000000000000000e+00
3.522000000000000000e+04 1.000000000000000000e+00
3.526000000000000000e+04 2.000000000000000000e+00
3.530000000000000000e+04 2.000000000000000000e+00
3.534000000000000000e+04 1.000000000000000000e+00
3.538000000000000000e+04 2.000000000000000000e+00
3.542000000000000000e+04 3.000000000000000000e+00
3.546000000000000000e+04 1.000000000000000000e+00
3.550000000000000000e+04 1.000000000000000000e+00
3.554000000000000000e+04 0.000000000000000000e+00
3.558000000000000000e+04 0.000000000000000000e+00
3.562000000000000000e+04 2.000000000000000000e+00
3.566000000000000000e+04 2.000000000000000000e+00
3.570000000000000000e+04 1.000000000000000000e+00
3.574000000000000000e+04 0.000000000000000000e+00
3.578000000000000000e+04 0.000000000000000000e+00
3.582000000000000000e+04 1.000000000000000000e+00
3.586000000000000000e+04 3.000000000000000000e+00
3.590000000000000000e+04 2.000000000000000000e+00
3.594000000000000000e+04 2.000000000000000000e+00
3.598000000000000000e+04 0.000000000000000000e+00
3.602000000000000000e+04 1.000000000000000000e+00
3.606000000000000000e+04 0.000000000000000000e+00
3.610000000000000000e+04 1.000000000000000000e+00
3.614000000000000000e+04 0.000000000000000000e+00
3.618000000000000000e+04 1.000000000000000000e+00
3.622000000000000000e+04 0.000000000000000000e+00
3.626000000000000000e+04 1.000000000000000000e+00
3.630000000000000000e+04 0.000000000000000000e+00
3.634000000000000000e+04 2.000000000000000000e+00
3.638000000000000000e+04 2.000000000000000000e+00
3.642000000000000000e+04 1.000000000000000000e+00
3.646000000000000000e+04 1.000000000000000000e+00
3.650000000000000000e+04 2.000000000000000000e+00
3.654000000000000000e+04 0.000000000000000000e+00
3.658000000000000000e+04 0.000000000000000000e+00
3.662000000000000000e+04 1.000000000000000000e+00
3.666000000000000000e+04 0.000000000000000000e+00
3.670000000000000000e+04 1.000000000000000000e+00
3.674000000000000000e+04 1.000000000000000000e+00
3.678000000000000000e+04 1.000000000000000000e+00
3.682000000000000000e+04 0.000000000000000000e+00
3.686000000000000000e+04 0.000000000000000000e+00
3.690000000000000000e+04 2.000000000000000000e+00
3.694000000000000000e+04 2.000000000000000000e+00
3.698000000000000000e+04 1.000000000000000000e+00
3.702000000000000000e+04 1.000000000000000000e+00
3.706000000000000000e+04 2.000000000000000000e+00
3.710000000000000000e+04 2.000000000000000000e+00
3.714000000000000000e+04 2.000000000000000000e+00
3.718000000000000000e+04 1.000000000000000000e+00
3.722000000000000000e+04 0.000000000000000000e+00
3.726000000000000000e+04 1.000000000000000000e+00
3.730000000000000000e+04 1.000000000000000000e+00
3.734000000000000000e+04 1.000000000000000000e+00
3.738000000000000000e+04 1.000000000000000000e+00
3.742000000000000000e+04 0.000000000000000000e+00
3.746000000000000000e+04 1.000000000000000000e+00
3.750000000000000000e+04 0.000000000000000000e+00
3.754000000000000000e+04 3.000000000000000000e+00
3.758000000000000000e+04 2.000000000000000000e+00
3.762000000000000000e+04 0.000000000000000000e+00
3.766000000000000000e+04 3.000000000000000000e+00
3.770000000000000000e+04 3.000000000000000000e+00
3.774000000000000000e+04 0.000000000000000000e+00
3.778000000000000000e+04 2.000000000000000000e+00
3.782000000000000000e+04 0.000000000000000000e+00
3.786000000000000000e+04 3.000000000000000000e+00
3.790000000000000000e+04 0.000000000000000000e+00
3.794000000000000000e+04 1.000000000000000000e+00
3.798000000000000000e+04 5.000000000000000000e+00
3.802000000000000000e+04 2.000000000000000000e+00
3.806000000000000000e+04 0.000000000000000000e+00
3.810000000000000000e+04 1.000000000000000000e+00
3.814000000000000000e+04 1.000000000000000000e+00
3.818000000000000000e+04 3.000000000000000000e+00
3.822000000000000000e+04 2.000000000000000000e+00
3.826000000000000000e+04 4.000000000000000000e+00
3.830000000000000000e+04 3.000000000000000000e+00
3.834000000000000000e+04 1.000000000000000000e+00
3.838000000000000000e+04 5.000000000000000000e+00
3.842000000000000000e+04 3.000000000000000000e+00
3.846000000000000000e+04 3.000000000000000000e+00
3.850000000000000000e+04 4.000000000000000000e+00
3.854000000000000000e+04 2.000000000000000000e+00
3.858000000000000000e+04 3.000000000000000000e+00
3.862000000000000000e+04 5.000000000000000000e+00
3.866000000000000000e+04 4.000000000000000000e+00
3.870000000000000000e+04 1.000000000000000000e+00
3.874000000000000000e+04 4.000000000000000000e+00
3.878000000000000000e+04 1.000000000000000000e+00
3.882000000000000000e+04 4.000000000000000000e+00
3.886000000000000000e+04 2.000000000000000000e+00
3.890000000000000000e+04 5.000000000000000000e+00
3.894000000000000000e+04 4.000000000000000000e+00
3.898000000000000000e+04 3.000000000000000000e+00
3.902000000000000000e+04 4.000000000000000000e+00
3.906000000000000000e+04 1.000000000000000000e+00
3.910000000000000000e+04 3.000000000000000000e+00
3.914000000000000000e+04 3.000000000000000000e+00
3.918000000000000000e+04 3.000000000000000000e+00
3.922000000000000000e+04 1.000000000000000000e+00
3.926000000000000000e+04 5.000000000000000000e+00
3.930000000000000000e+04 2.000000000000000000e+00
3.934000000000000000e+04 3.000000000000000000e+00
3.938000000000000000e+04 2.000000000000000000e+00
3.942000000000000000e+04 3.000000000000000000e+00
3.946000000000000000e+04 2.000000000000000000e+00
3.950000000000000000e+04 6.000000000000000000e+00
3.954000000000000000e+04 6.000000000000000000e+00
3.958000000000000000e+04 5.000000000000000000e+00
3.962000000000000000e+04 2.000000000000000000e+00
3.966000000000000000e+04 6.000000000000000000e+00
3.970000000000000000e+04 6.000000000000000000e+00
3.974000000000000000e+04 4.000000000000000000e+00
3.978000000000000000e+04 5.000000000000000000e+00
3.982000000000000000e+04 3.000000000000000000e+00
3.986000000000000000e+04 5.000000000000000000e+00
3.990000000000000000e+04 2.000000000000000000e+00
3.994000000000000000e+04 5.000000000000000000e+00
3.998000000000000000e+04 5.000000000000000000e+00
4.002000000000000000e+04 4.000000000000000000e+00
4.006000000000000000e+04 6.000000000000000000e+00
4.010000000000000000e+04 4.000000000000000000e+00
4.014000000000000000e+04 2.000000000000000000e+00
4.018000000000000000e+04 2.000000000000000000e+00
4.022000000000000000e+04 1.000000000000000000e+01
4.026000000000000000e+04 4.000000000000000000e+00
4.030000000000000000e+04 3.000000000000000000e+00
4.034000000000000000e+04 5.000000000000000000e+00
4.038000000000000000e+04 3.000000000000000000e+00
4.042000000000000000e+04 5.000000000000000000e+00
4.046000000000000000e+04 3.000000000000000000e+00
4.050000000000000000e+04 4.000000000000000000e+00
4.054000000000000000e+04 3.000000000000000000e+00
4.058000000000000000e+04 1.000000000000000000e+00
4.062000000000000000e+04 9.000000000000000000e+00
4.066000000000000000e+04 0.000000000000000000e+00
4.070000000000000000e+04 4.000000000000000000e+00
4.074000000000000000e+04 6.000000000000000000e+00
4.078000000000000000e+04 5.000000000000000000e+00
4.082000000000000000e+04 2.000000000000000000e+00
4.086000000000000000e+04 4.000000000000000000e+00
4.090000000000000000e+04 5.000000000000000000e+00
4.094000000000000000e+04 2.000000000000000000e+00
4.098000000000000000e+04 7.000000000000000000e+00
4.102000000000000000e+04 3.000000000000000000e+00
4.106000000000000000e+04 2.000000000000000000e+00
4.110000000000000000e+04 5.000000000000000000e+00
4.114000000000000000e+04 1.000000000000000000e+00
4.118000000000000000e+04 4.000000000000000000e+00
4.122000000000000000e+04 5.000000000000000000e+00
4.126000000000000000e+04 3.000000000000000000e+00
4.130000000000000000e+04 5.000000000000000000e+00
4.134000000000000000e+04 5.000000000000000000e+00
4.138000000000000000e+04 6.000000000000000000e+00
4.142000000000000000e+04 1.000000000000000000e+00
4.146000000000000000e+04 5.000000000000000000e+00
4.150000000000000000e+04 1.100000000000000000e+01
4.154000000000000000e+04 1.000000000000000000e+00
4.158000000000000000e+04 3.000000000000000000e+00
4.162000000000000000e+04 4.000000000000000000e+00
4.166000000000000000e+04 0.000000000000000000e+00
4.170000000000000000e+04 4.000000000000000000e+00
4.174000000000000000e+04 3.000000000000000000e+00
4.178000000000000000e+04 3.000000000000000000e+00
4.182000000000000000e+04 2.000000000000000000e+00
4.186000000000000000e+04 0.000000000000000000e+00
4.190000000000000000e+04 4.000000000000000000e+00
4.194000000000000000e+04 2.000000000000000000e+00
4.198000000000000000e+04 1.000000000000000000e+00
4.202000000000000000e+04 3.000000000000000000e+00
4.206000000000000000e+04 7.000000000000000000e+00
4.210000000000000000e+04 2.000000000000000000e+00
4.214000000000000000e+04 2.000000000000000000e+00
4.218000000000000000e+04 1.000000000000000000e+00
4.222000000000000000e+04 3.000000000000000000e+00
4.226000000000000000e+04 1.000000000000000000e+00
4.230000000000000000e+04 0.000000000000000000e+00
4.234000000000000000e+04 3.000000000000000000e+00
4.238000000000000000e+04 2.000000000000000000e+00
4.242000000000000000e+04 1.000000000000000000e+00
4.246000000000000000e+04 2.000000000000000000e+00
4.250000000000000000e+04 0.000000000000000000e+00
4.254000000000000000e+04 1.000000000000000000e+00
4.258000000000000000e+04 1.000000000000000000e+00
4.262000000000000000e+04 4.000000000000000000e+00
4.266000000000000000e+04 3.000000000000000000e+00
4.270000000000000000e+04 1.000000000000000000e+00
4.274000000000000000e+04 1.000000000000000000e+00
4.278000000000000000e+04 1.000000000000000000e+00
4.282000000000000000e+04 0.000000000000000000e+00
4.286000000000000000e+04 0.000000000000000000e+00
4.290000000000000000e+04 0.000000000000000000e+00
4.294000000000000000e+04 1.000000000000000000e+00
4.298000000000000000e+04 0.000000000000000000e+00
4.302000000000000000e+04 0.000000000000000000e+00
4.306000000000000000e+04 2.000000000000000000e+00
4.310000000000000000e+04 0.000000000000000000e+00
4.314000000000000000e+04 0.000000000000000000e+00
4.318000000000000000e+04 0.000000000000000000e+00
4.322000000000000000e+04 0.000000000000000000e+00
4.326000000000000000e+04 0.000000000000000000e+00
4.330000000000000000e+04 0.000000000000000000e+00
4.334000000000000000e+04 0.000000000000000000e+00
4.338000000000000000e+04 0.000000000000000000e+00
4.342000000000000000e+04 0.000000000000000000e+00
4.346000000000000000e+04 0.000000000000000000e+00
4.350000000000000000e+04 0.000000000000000000e+00
4.354000000000000000e+04 0.000000000000000000e+00
4.358000000000000000e+04 0.000000000000000000e+00
4.362000000000000000e+04 0.000000000000000000e+00
4.366000000000000000e+04 0.000000000000000000e+00
4.370000000000000000e+04 0.000000000000000000e+00
4.374000000000000000e+04 0.000000000000000000e+00
4.378000000000000000e+04 0.000000000000000000e+00
4.382000000000000000e+04 0.000000000000000000e+00
4.386000000000000000e+04 0.000000000000000000e+00
4.390000000000000000e+04 0.000000000000000000e+00
4.394000000000000000e+04 0.000000000000000000e+00
4.398000000000000000e+04 0.000000000000000000e+00
4.402000000000000000e+04 0.000000000000000000e+00
4.406000000000000000e+04 0.000000000000000000e+00
4.410000000000000000e+04 0.000000000000000000e+00
4.414000000000000000e+04 0.000000000000000000e+00
4.418000000000000000e+04 0.000000000000000000e+00
4.422000000000000000e+04 0.000000000000000000e+00
4.426000000000000000e+04 0.000000000000000000e+00
4.430000000000000000e+04 0.000000000000000000e+00
4.434000000000000000e+04 0.000000000000000000e+00
4.438000000000000000e+04 0.000000000000000000e+00
4.442000000000000000e+04 0.000000000000000000e+00
4.446000000000000000e+04 0.000000000000000000e+00
4.450000000000000000e+04 0.000000000000000000e+00
4.454000000000000000e+04 0.000000000000000000e+00
4.458000000000000000e+04 0.000000000000000000e+00
4.462000000000000000e+04 0.000000000000000000e+00
4.466000000000000000e+04 0.000000000000000000e+00
4.470000000000000000e+04 0.000000000000000000e+00
4.474000000000000000e+04 0.000000000000000000e+00
4.478000000000000000e+04 0.000000000000000000e+00
4.482000000000000000e+04 0.000000000000000000e+00
4.486000000000000000e+04 0.000000000000000000e+00
4.490000000000000000e+04 0.000000000000000000e+00
4.494000000000000000e+04 0.000000000000000000e+00
4.498000000000000000e+04 0.000000000000000000e+00
4.502000000000000000e+04 0.000000000000000000e+00
4.506000000000000000e+04 0.000000000000000000e+00
4.510000000000000000e+04 0.000000000000000000e+00
4.514000000000000000e+04 0.000000000000000000e+00
4.518000000000000000e+04 0.000000000000000000e+00
4.522000000000000000e+04 0.000000000000000000e+00
4.526000000000000000e+04 0.000000000000000000e+00
4.530000000000000000e+04 0.000000000000000000e+00
4.534000000000000000e+04 0.000000000000000000e+00
4.538000000000000000e+04 0.000000000000000000e+00
4.542000000000000000e+04 0.000000000000000000e+00
4.546000000000000000e+04 0.000000000000000000e+00
4.550000000000000000e+04 0.000000000000000000e+00
4.554000000000000000e+04 0.000000000000000000e+00
4.558000000000000000e+04 0.000000000000000000e+00
4.562000000000000000e+04 0.000000000000000000e+00
4.566000000000000000e+04 0.000000000000000000e+00
4.570000000000000000e+04 0.000000000000000000e+00
4.574000000000000000e+04 0.000000000000000000e+00
4.578000000000000000e+04 0.000000000000000000e+00
4.582000000000000000e+04 0.000000000000000000e+00
4.586000000000000000e+04 0.000000000000000000e+00
4.590000000000000000e+04 0.000000000000000000e+00
4.594000000000000000e+04 0.000000000000000000e+00
4.598000000000000000e+04 0.000000000000000000e+00
4.602000000000000000e+04 0.000000000000000000e+00
4.606000000000000000e+04 0.000000000000000000e+00
4.610000000000000000e+04 0.000000000000000000e+00
4.614000000000000000e+04 0.000000000000000000e+00
4.618000000000000000e+04 0.000000000000000000e+00
4.622000000000000000e+04 0.000000000000000000e+00
4.626000000000000000e+04 0.000000000000000000e+00
4.630000000000000000e+04 0.000000000000000000e+00
4.634000000000000000e+04 0.000000000000000000e+00
4.638000000000000000e+04 0.000000000000000000e+00
4.642000000000000000e+04 0.000000000000000000e+00
4.646000000000000000e+04 0.000000000000000000e+00
4.650000000000000000e+04 0.000000000000000000e+00
4.654000000000000000e+04 0.000000000000000000e+00
4.658000000000000000e+04 0.000000000000000000e+00
4.662000000000000000e+04 0.000000000000000000e+00
4.666000000000000000e+04 0.000000000000000000e+00
4.670000000000000000e+04 0.000000000000000000e+00
4.674000000000000000e+04 0.000000000000000000e+00
4.678000000000000000e+04 0.000000000000000000e+00
4.682000000000000000e+04 0.000000000000000000e+00
4.686000000000000000e+04 0.000000000000000000e+00
4.690000000000000000e+04 0.000000000000000000e+00
4.694000000000000000e+04 0.000000000000000000e+00
4.698000000000000000e+04 0.000000000000000000e+00
4.702000000000000000e+04 0.000000000000000000e+00
4.706000000000000000e+04 0.000000000000000000e+00
4.710000000000000000e+04 0.000000000000000000e+00
4.714000000000000000e+04 0.000000000000000000e+00
4.718000000000000000e+04 0.000000000000000000e+00
4.722000000000000000e+04 0.000000000000000000e+00
4.726000000000000000e+04 0.000000000000000000e+00
4.730000000000000000e+04 0.000000000000000000e+00
4.734000000000000000e+04 0.000000000000000000e+00
4.738000000000000000e+04 0.000000000000000000e+00
4.742000000000000000e+04 0.000000000000000000e+00
4.746000000000000000e+04 0.000000000000000000e+00
4.750000000000000000e+04 0.000000000000000000e+00
4.754000000000000000e+04 0.000000000000000000e+00
4.758000000000000000e+04 0.000000000000000000e+00
4.762000000000000000e+04 0.000000000000000000e+00
4.766000000000000000e+04 0.000000000000000000e+00
4.770000000000000000e+04 0.000000000000000000e+00
4.774000000000000000e+04 0.000000000000000000e+00
4.778000000000000000e+04 0.000000000000000000e+00
4.782000000000000000e+04 0.000000000000000000e+00
4.786000000000000000e+04 0.000000000000000000e+00
4.790000000000000000e+04 0.000000000000000000e+00
4.794000000000000000e+04 0.000000000000000000e+00
4.798000000000000000e+04 0.000000000000000000e+00
4.802000000000000000e+04 0.000000000000000000e+00
4.806000000000000000e+04 0.000000000000000000e+00
4.810000000000000000e+04 0.000000000000000000e+00
4.814000000000000000e+04 0.000000000000000000e+00
4.818000000000000000e+04 0.000000000000000000e+00
4.822000000000000000e+04 0.000000000000000000e+00
4.826000000000000000e+04 0.000000000000000000e+00
4.830000000000000000e+04 0.000000000000000000e+00
4.834000000000000000e+04 0.000000000000000000e+00
4.838000000000000000e+04 0.000000000000000000e+00
4.842000000000000000e+04 0.000000000000000000e+00
4.846000000000000000e+04 0.000000000000000000e+00
4.850000000000000000e+04 0.000000000000000000e+00
4.854000000000000000e+04 0.000000000000000000e+00
4.858000000000000000e+04 0.000000000000000000e+00
4.862000000000000000e+04 0.000000000000000000e+00
4.866000000000000000e+04 0.000000000000000000e+00
4.870000000000000000e+04 0.000000000000000000e+00
4.874000000000000000e+04 0.000000000000000000e+00
4.878000000000000000e+04 0.000000000000000000e+00
4.882000000000000000e+04 0.000000000000000000e+00
4.886000000000000000e+04 0.000000000000000000e+00
4.890000000000000000e+04 0.000000000000000000e+00
4.894000000000000000e+04 0.000000000000000000e+00
4.898000000000000000e+04 0.000000000000000000e+00
4.902000000000000000e+04 0.000000000000000000e+00
4.906000000000000000e+04 0.000000000000000000e+00
4.910000000000000000e+04 0.000000000000000000e+00
4.914000000000000000e+04 0.000000000000000000e+00
4.918000000000000000e+04 0.000000000000000000e+00
4.922000000000000000e+04 0.000000000000000000e+00
4.926000000000000000e+04 0.000000000000000000e+00
4.930000000000000000e+04 0.000000000000000000e+00
4.934000000000000000e+04 0.000000000000000000e+00
4.938000000000000000e+04 0.000000000000000000e+00
4.942000000000000000e+04 0.000000000000000000e+00
4.946000000000000000e+04 0.000000000000000000e+00
4.950000000000000000e+04 0.000000000000000000e+00
4.954000000000000000e+04 0.000000000000000000e+00
4.958000000000000000e+04 0.000000000000000000e+00
4.962000000000000000e+04 0.000000000000000000e+00
4.966000000000000000e+04 0.000000000000000000e+00
4.970000000000000000e+04 0.000000000000000000e+00
4.974000000000000000e+04 0.000000000000000000e+00
4.978000000000000000e+04 0.000000000000000000e+00
4.982000000000000000e+04 0.000000000000000000e+00
4.986000000000000000e+04 0.000000000000000000e+00
4.990000000000000000e+04 0.000000000000000000e+00
4.994000000000000000e+04 0.000000000000000000e+00
