# Bin_centre    Counts
1.0000E-01      7.33510E-06
1.1000E-01      5.86808E-06
1.2000E-01      5.18574E-06
1.3000E-01      4.87869E-06
1.4000E-01      4.98104E-06
1.5000E-01      4.40106E-06
1.6000E-01      4.36694E-06
1.7000E-01      3.82107E-06
1.8000E-01      3.71872E-06
1.9000E-01      3.92342E-06
2.0000E-01      4.33283E-06
2.1000E-01      3.47991E-06
2.2000E-01      3.85519E-06
2.3000E-01      3.54814E-06
2.4000E-01      3.34344E-06
2.5000E-01      3.44579E-06
2.6000E-01      4.33283E-06
2.7000E-01      3.65049E-06
2.8000E-01      3.65049E-06
2.9000E-01      3.27521E-06
3.0000E-01      3.13874E-06
3.1000E-01      3.41167E-06
3.2000E-01      3.00227E-06
3.3000E-01      2.83169E-06
3.4000E-01      3.20697E-06
3.5000E-01      2.45640E-06
3.6000E-01      3.34344E-06
3.7000E-01      2.86581E-06
3.8000E-01      2.62699E-06
3.9000E-01      2.21759E-06
4.0000E-01      3.07051E-06
4.1000E-01      2.59287E-06
4.2000E-01      2.52464E-06
4.3000E-01      2.72934E-06
4.4000E-01      2.66111E-06
4.5000E-01      2.89992E-06
4.6000E-01      2.42229E-06
4.7000E-01      2.86581E-06
4.8000E-01      2.25170E-06
4.9000E-01      2.62699E-06
5.0000E-01      2.08112E-06
5.1000E-01      2.18347E-06
5.2000E-01      2.28582E-06
5.3000E-01      2.35405E-06
5.4000E-01      1.67172E-06
5.5000E-01      2.31994E-06
5.6000E-01      2.59287E-06
5.7000E-01      1.73995E-06
5.8000E-01      2.66111E-06
5.9000E-01      2.52464E-06
6.0000E-01      2.08112E-06
6.1000E-01      1.84230E-06
6.2000E-01      2.18347E-06
6.3000E-01      2.25170E-06
6.4000E-01      2.35405E-06
6.5000E-01      2.28582E-06
6.6000E-01      2.14935E-06
6.7000E-01      1.56937E-06
6.8000E-01      1.84230E-06
6.9000E-01      2.08112E-06
7.0000E-01      1.77407E-06
7.1000E-01      1.97877E-06
7.2000E-01      2.52464E-06
7.3000E-01      1.67172E-06
7.4000E-01      1.91054E-06
7.5000E-01      1.53525E-06
7.6000E-01      1.73995E-06
7.7000E-01      1.19409E-06
7.8000E-01      1.70584E-06
7.9000E-01      1.60349E-06
8.0000E-01      1.84230E-06
8.1000E-01      1.87642E-06
8.2000E-01      1.53525E-06
8.3000E-01      1.22820E-06
8.4000E-01      1.94465E-06
8.5000E-01      1.56937E-06
8.6000E-01      1.56937E-06
8.7000E-01      1.22820E-06
8.8000E-01      1.33055E-06
8.9000E-01      1.43290E-06
9.0000E-01      1.05762E-06
9.1000E-01      1.36467E-06
9.2000E-01      1.50114E-06
9.3000E-01      1.15997E-06
9.4000E-01      1.36467E-06
9.5000E-01      1.94465E-06
9.6000E-01      1.33055E-06
9.7000E-01      1.36467E-06
9.8000E-01      1.19409E-06
9.9000E-01      1.46702E-06
1.0000E+00      1.29644E-06
1.0100E+00      1.26232E-06
1.0200E+00      1.56937E-06
1.0300E+00      1.60349E-06
1.0400E+00      1.91054E-06
1.0500E+00      2.14935E-06
1.0600E+00      1.84230E-06
1.0700E+00      4.77634E-07
1.0800E+00      1.36467E-07
1.0900E+00      1.70584E-07
1.1000E+00      2.72934E-07
1.1100E+00      1.36467E-07
1.1200E+00      2.04700E-07
1.1300E+00      3.41167E-08
1.1400E+00      3.41167E-08
1.1500E+00      1.02350E-07
1.1600E+00      0.00000E+00
1.1700E+00      0.00000E+00
1.1800E+00      0.00000E+00
1.1900E+00      0.00000E+00
1.2000E+00      0.00000E+00
1.2100E+00      0.00000E+00
1.2200E+00      0.00000E+00
1.2300E+00      0.00000E+00
1.2400E+00      0.00000E+00
1.2500E+00      0.00000E+00
1.2600E+00      0.00000E+00
1.2700E+00      0.00000E+00
1.2800E+00      0.00000E+00
1.2900E+00      0.00000E+00
1.3000E+00      0.00000E+00
1.3100E+00      0.00000E+00
1.3200E+00      0.00000E+00
1.3300E+00      0.00000E+00
1.3400E+00      0.00000E+00
1.3500E+00      0.00000E+00
1.3600E+00      0.00000E+00
1.3700E+00      0.00000E+00
1.3800E+00      0.00000E+00
1.3900E+00      0.00000E+00
1.4000E+00      0.00000E+00
1.4100E+00      0.00000E+00
1.4200E+00      0.00000E+00
1.4300E+00      0.00000E+00
1.4400E+00      0.00000E+00
1.4500E+00      0.00000E+00
1.4600E+00      0.00000E+00
1.4700E+00      0.00000E+00
1.4800E+00      0.00000E+00
1.4900E+00      0.00000E+00
1.5000E+00      0.00000E+00
1.5100E+00      0.00000E+00
1.5200E+00      0.00000E+00
1.5300E+00      0.00000E+00
1.5400E+00      0.00000E+00
1.5500E+00      0.00000E+00
1.5600E+00      0.00000E+00
1.5700E+00      0.00000E+00
1.5800E+00      0.00000E+00
1.5900E+00      0.00000E+00
1.6000E+00      0.00000E+00
1.6100E+00      0.00000E+00
1.6200E+00      0.00000E+00
1.6300E+00      0.00000E+00
1.6400E+00      0.00000E+00
1.6500E+00      0.00000E+00
1.6600E+00      0.00000E+00
1.6700E+00      0.00000E+00
1.6800E+00      0.00000E+00
1.6900E+00      0.00000E+00
1.7000E+00      0.00000E+00
1.7100E+00      0.00000E+00
1.7200E+00      0.00000E+00
1.7300E+00      0.00000E+00
1.7400E+00      0.00000E+00
1.7500E+00      0.00000E+00
1.7600E+00      0.00000E+00
1.7700E+00      0.00000E+00
1.7800E+00      0.00000E+00
1.7900E+00      0.00000E+00
1.8000E+00      0.00000E+00
1.8100E+00      0.00000E+00
1.8200E+00      0.00000E+00
1.8300E+00      0.00000E+00
1.8400E+00      0.00000E+00
1.8500E+00      0.00000E+00
1.8600E+00      0.00000E+00
1.8700E+00      0.00000E+00
1.8800E+00      0.00000E+00
1.8900E+00      0.00000E+00
1.9000E+00      0.00000E+00
1.9100E+00      0.00000E+00
1.9200E+00      0.00000E+00
1.9300E+00      0.00000E+00
1.9400E+00      0.00000E+00
1.9500E+00      0.00000E+00
1.9600E+00      0.00000E+00
1.9700E+00      0.00000E+00
1.9800E+00      0.00000E+00
1.9900E+00      0.00000E+00
2.0000E+00      0.00000E+00