# Bin_centre Counts
1.0000E-01   2.22449E-05
1.1000E-01   2.01881E-05
1.2000E-01   1.90473E-05
1.3000E-01   1.85806E-05
1.4000E-01   1.66793E-05
1.5000E-01   1.66102E-05
1.6000E-01   1.63164E-05
1.7000E-01   1.54176E-05
1.8000E-01   1.58497E-05
1.9000E-01   1.53139E-05
2.0000E-01   1.52620E-05
2.1000E-01   1.36027E-05
2.2000E-01   1.43114E-05
2.3000E-01   1.30842E-05
2.4000E-01   1.38620E-05
2.5000E-01   1.45707E-05
2.6000E-01   1.46571E-05
2.7000E-01   1.41731E-05
2.8000E-01   1.56941E-05
2.9000E-01   1.56250E-05
3.0000E-01   1.82349E-05
3.1000E-01   1.99634E-05
3.2000E-01   2.08449E-05
3.3000E-01   2.28844E-05
3.4000E-01   2.31264E-05
3.5000E-01   6.46432E-06
3.6000E-01   1.97041E-06
3.7000E-01   1.81485E-06
3.8000E-01   1.65929E-06
3.9000E-01   1.33089E-06
4.0000E-01   8.81499E-07
4.1000E-01   3.97539E-07
4.2000E-01   2.07411E-07
4.3000E-01   1.03706E-07
4.4000E-01   5.18529E-08
4.5000E-01   3.45686E-08
4.6000E-01   1.72843E-08
4.7000E-01   0.00000E+00
4.8000E-01   3.45686E-08
4.9000E-01   0.00000E+00
5.0000E-01   0.00000E+00
5.1000E-01   3.45686E-08
5.2000E-01   3.45686E-08
5.3000E-01   0.00000E+00
5.4000E-01   0.00000E+00
5.5000E-01   0.00000E+00
5.6000E-01   0.00000E+00
5.7000E-01   0.00000E+00
5.8000E-01   0.00000E+00
5.9000E-01   0.00000E+00
6.0000E-01   0.00000E+00
6.1000E-01   0.00000E+00
6.2000E-01   0.00000E+00
6.3000E-01   0.00000E+00
6.4000E-01   0.00000E+00
6.5000E-01   0.00000E+00
6.6000E-01   0.00000E+00
6.7000E-01   0.00000E+00
6.8000E-01   0.00000E+00
6.9000E-01   0.00000E+00
7.0000E-01   0.00000E+00
7.1000E-01   0.00000E+00
7.2000E-01   0.00000E+00
7.3000E-01   0.00000E+00
7.4000E-01   0.00000E+00
7.5000E-01   0.00000E+00
7.6000E-01   0.00000E+00
7.7000E-01   0.00000E+00
7.8000E-01   0.00000E+00
7.9000E-01   0.00000E+00
8.0000E-01   0.00000E+00
8.1000E-01   0.00000E+00
8.2000E-01   0.00000E+00
8.3000E-01   0.00000E+00
8.4000E-01   0.00000E+00
8.5000E-01   0.00000E+00
8.6000E-01   0.00000E+00
8.7000E-01   0.00000E+00
8.8000E-01   0.00000E+00
8.9000E-01   0.00000E+00
9.0000E-01   0.00000E+00
9.1000E-01   0.00000E+00
9.2000E-01   0.00000E+00
9.3000E-01   0.00000E+00
9.4000E-01   0.00000E+00
9.5000E-01   0.00000E+00
9.6000E-01   0.00000E+00
9.7000E-01   0.00000E+00
9.8000E-01   0.00000E+00
9.9000E-01   0.00000E+00
1.0000E+00   0.00000E+00
1.0100E+00   0.00000E+00
1.0200E+00   0.00000E+00
1.0300E+00   0.00000E+00
1.0400E+00   0.00000E+00
1.0500E+00   0.00000E+00
1.0600E+00   0.00000E+00
1.0700E+00   0.00000E+00
1.0800E+00   0.00000E+00
1.0900E+00   0.00000E+00
1.1000E+00   0.00000E+00
1.1100E+00   0.00000E+00
1.1200E+00   0.00000E+00
1.1300E+00   0.00000E+00
1.1400E+00   0.00000E+00
1.1500E+00   0.00000E+00
1.1600E+00   0.00000E+00
1.1700E+00   0.00000E+00
1.1800E+00   0.00000E+00
1.1900E+00   0.00000E+00
1.2000E+00   0.00000E+00
1.2100E+00   0.00000E+00
1.2200E+00   0.00000E+00
1.2300E+00   0.00000E+00
1.2400E+00   0.00000E+00
1.2500E+00   0.00000E+00
1.2600E+00   0.00000E+00
1.2700E+00   0.00000E+00
1.2800E+00   0.00000E+00
1.2900E+00   0.00000E+00
1.3000E+00   0.00000E+00
1.3100E+00   0.00000E+00
1.3200E+00   0.00000E+00
1.3300E+00   0.00000E+00
1.3400E+00   0.00000E+00
1.3500E+00   0.00000E+00
1.3600E+00   0.00000E+00
1.3700E+00   0.00000E+00
1.3800E+00   0.00000E+00
1.3900E+00   0.00000E+00
1.4000E+00   0.00000E+00
1.4100E+00   0.00000E+00
1.4200E+00   0.00000E+00
1.4300E+00   0.00000E+00
1.4400E+00   0.00000E+00
1.4500E+00   0.00000E+00
1.4600E+00   0.00000E+00
1.4700E+00   0.00000E+00
1.4800E+00   0.00000E+00
1.4900E+00   0.00000E+00
1.5000E+00   0.00000E+00
1.5100E+00   0.00000E+00
1.5200E+00   0.00000E+00
1.5300E+00   0.00000E+00
1.5400E+00   0.00000E+00
1.5500E+00   0.00000E+00
1.5600E+00   0.00000E+00
1.5700E+00   0.00000E+00
1.5800E+00   0.00000E+00
1.5900E+00   0.00000E+00
1.6000E+00   0.00000E+00
1.6100E+00   0.00000E+00
1.6200E+00   0.00000E+00
1.6300E+00   0.00000E+00
1.6400E+00   0.00000E+00
1.6500E+00   0.00000E+00
1.6600E+00   0.00000E+00
1.6700E+00   0.00000E+00
1.6800E+00   0.00000E+00
1.6900E+00   0.00000E+00
1.7000E+00   0.00000E+00
1.7100E+00   0.00000E+00
1.7200E+00   0.00000E+00
1.7300E+00   0.00000E+00
1.7400E+00   0.00000E+00
1.7500E+00   0.00000E+00
1.7600E+00   0.00000E+00
1.7700E+00   0.00000E+00
1.7800E+00   0.00000E+00
1.7900E+00   0.00000E+00
1.8000E+00   0.00000E+00
1.8100E+00   0.00000E+00
1.8200E+00   0.00000E+00
1.8300E+00   0.00000E+00
1.8400E+00   0.00000E+00
1.8500E+00   0.00000E+00
1.8600E+00   0.00000E+00
1.8700E+00   0.00000E+00
1.8800E+00   0.00000E+00
1.8900E+00   0.00000E+00
1.9000E+00   0.00000E+00
1.9100E+00   0.00000E+00
1.9200E+00   0.00000E+00
1.9300E+00   0.00000E+00
1.9400E+00   0.00000E+00
1.9500E+00   0.00000E+00
1.9600E+00   0.00000E+00
1.9700E+00   0.00000E+00
1.9800E+00   0.00000E+00
1.9900E+00   0.00000E+00
2.0000E+00   0.00000E+00