# Bin centers (areas) Counts
1.500000000000000000e+03 0.000000000000000000e+00
4.500000000000000000e+03 0.000000000000000000e+00
7.500000000000000000e+03 0.000000000000000000e+00
1.050000000000000000e+04 0.000000000000000000e+00
1.350000000000000000e+04 2.940000000000000000e+02
1.650000000000000000e+04 1.208000000000000000e+03
1.950000000000000000e+04 2.311000000000000000e+03
2.250000000000000000e+04 3.993000000000000000e+03
2.550000000000000000e+04 5.220000000000000000e+03
2.850000000000000000e+04 6.028000000000000000e+03
3.150000000000000000e+04 6.307000000000000000e+03
3.450000000000000000e+04 6.645000000000000000e+03
3.750000000000000000e+04 6.834000000000000000e+03
4.050000000000000000e+04 6.808000000000000000e+03
4.350000000000000000e+04 7.128000000000000000e+03
4.650000000000000000e+04 7.117000000000000000e+03
4.950000000000000000e+04 6.825000000000000000e+03
5.250000000000000000e+04 6.616000000000000000e+03
5.550000000000000000e+04 6.231000000000000000e+03
5.850000000000000000e+04 5.566000000000000000e+03
6.150000000000000000e+04 4.955000000000000000e+03
6.450000000000000000e+04 4.190000000000000000e+03
6.750000000000000000e+04 3.582000000000000000e+03
7.050000000000000000e+04 2.871000000000000000e+03
7.350000000000000000e+04 2.396000000000000000e+03
7.650000000000000000e+04 1.935000000000000000e+03
7.950000000000000000e+04 1.577000000000000000e+03
8.250000000000000000e+04 1.440000000000000000e+03
8.550000000000000000e+04 1.233000000000000000e+03
8.850000000000000000e+04 1.088000000000000000e+03
9.150000000000000000e+04 1.006000000000000000e+03
9.450000000000000000e+04 9.840000000000000000e+02
9.750000000000000000e+04 9.180000000000000000e+02
1.005000000000000000e+05 9.080000000000000000e+02
1.035000000000000000e+05 9.340000000000000000e+02
1.065000000000000000e+05 8.860000000000000000e+02
1.095000000000000000e+05 9.090000000000000000e+02
1.125000000000000000e+05 8.850000000000000000e+02
1.155000000000000000e+05 8.470000000000000000e+02
1.185000000000000000e+05 9.230000000000000000e+02
1.215000000000000000e+05 9.350000000000000000e+02
1.245000000000000000e+05 8.970000000000000000e+02
1.275000000000000000e+05 8.770000000000000000e+02
1.305000000000000000e+05 9.190000000000000000e+02
1.335000000000000000e+05 9.380000000000000000e+02
1.365000000000000000e+05 9.090000000000000000e+02
1.395000000000000000e+05 9.060000000000000000e+02
1.425000000000000000e+05 1.071000000000000000e+03
1.455000000000000000e+05 9.380000000000000000e+02
1.485000000000000000e+05 1.014000000000000000e+03
1.515000000000000000e+05 9.740000000000000000e+02
1.545000000000000000e+05 9.850000000000000000e+02
1.575000000000000000e+05 9.710000000000000000e+02
1.605000000000000000e+05 9.800000000000000000e+02
1.635000000000000000e+05 9.630000000000000000e+02
1.665000000000000000e+05 9.020000000000000000e+02
1.695000000000000000e+05 8.720000000000000000e+02
1.725000000000000000e+05 8.420000000000000000e+02
1.755000000000000000e+05 7.640000000000000000e+02
1.785000000000000000e+05 6.700000000000000000e+02
1.815000000000000000e+05 6.750000000000000000e+02
1.845000000000000000e+05 6.200000000000000000e+02
1.875000000000000000e+05 6.010000000000000000e+02
1.905000000000000000e+05 5.280000000000000000e+02
1.935000000000000000e+05 4.950000000000000000e+02
1.965000000000000000e+05 4.410000000000000000e+02
1.995000000000000000e+05 3.940000000000000000e+02
2.025000000000000000e+05 3.620000000000000000e+02
2.055000000000000000e+05 3.190000000000000000e+02
2.085000000000000000e+05 2.800000000000000000e+02
2.115000000000000000e+05 2.400000000000000000e+02
2.145000000000000000e+05 2.090000000000000000e+02
2.175000000000000000e+05 1.980000000000000000e+02
2.205000000000000000e+05 1.500000000000000000e+02
2.235000000000000000e+05 1.300000000000000000e+02
2.265000000000000000e+05 1.140000000000000000e+02
2.295000000000000000e+05 1.120000000000000000e+02
2.325000000000000000e+05 7.100000000000000000e+01
2.355000000000000000e+05 9.200000000000000000e+01
2.385000000000000000e+05 6.600000000000000000e+01
2.415000000000000000e+05 5.200000000000000000e+01
2.445000000000000000e+05 2.900000000000000000e+01
2.475000000000000000e+05 3.400000000000000000e+01
2.505000000000000000e+05 3.500000000000000000e+01
2.535000000000000000e+05 3.300000000000000000e+01
2.565000000000000000e+05 3.400000000000000000e+01
2.595000000000000000e+05 2.200000000000000000e+01
2.625000000000000000e+05 1.700000000000000000e+01
2.655000000000000000e+05 2.100000000000000000e+01
2.685000000000000000e+05 2.000000000000000000e+01
2.715000000000000000e+05 1.500000000000000000e+01
2.745000000000000000e+05 1.200000000000000000e+01
2.775000000000000000e+05 1.100000000000000000e+01
2.805000000000000000e+05 7.000000000000000000e+00
2.835000000000000000e+05 1.000000000000000000e+01
2.865000000000000000e+05 9.000000000000000000e+00
2.895000000000000000e+05 4.000000000000000000e+00
2.925000000000000000e+05 8.000000000000000000e+00
2.955000000000000000e+05 5.000000000000000000e+00
2.985000000000000000e+05 6.000000000000000000e+00
3.015000000000000000e+05 9.000000000000000000e+00
3.045000000000000000e+05 4.000000000000000000e+00
3.075000000000000000e+05 9.000000000000000000e+00
3.105000000000000000e+05 4.000000000000000000e+00
3.135000000000000000e+05 8.000000000000000000e+00
3.165000000000000000e+05 6.000000000000000000e+00
3.195000000000000000e+05 6.000000000000000000e+00
3.225000000000000000e+05 4.000000000000000000e+00
3.255000000000000000e+05 7.000000000000000000e+00
3.285000000000000000e+05 8.000000000000000000e+00
3.315000000000000000e+05 7.000000000000000000e+00
3.345000000000000000e+05 7.000000000000000000e+00
3.375000000000000000e+05 3.000000000000000000e+00
3.405000000000000000e+05 3.000000000000000000e+00
3.435000000000000000e+05 1.000000000000000000e+00
3.465000000000000000e+05 3.000000000000000000e+00
3.495000000000000000e+05 9.000000000000000000e+00
3.525000000000000000e+05 1.000000000000000000e+00
3.555000000000000000e+05 2.000000000000000000e+00
3.585000000000000000e+05 4.000000000000000000e+00
3.615000000000000000e+05 5.000000000000000000e+00
3.645000000000000000e+05 5.000000000000000000e+00
3.675000000000000000e+05 2.000000000000000000e+00
3.705000000000000000e+05 3.000000000000000000e+00
3.735000000000000000e+05 4.000000000000000000e+00
3.765000000000000000e+05 5.000000000000000000e+00
3.795000000000000000e+05 3.000000000000000000e+00
3.825000000000000000e+05 3.000000000000000000e+00
3.855000000000000000e+05 4.000000000000000000e+00
3.885000000000000000e+05 2.000000000000000000e+00
3.915000000000000000e+05 4.000000000000000000e+00
3.945000000000000000e+05 3.000000000000000000e+00
3.975000000000000000e+05 5.000000000000000000e+00
4.005000000000000000e+05 6.000000000000000000e+00
4.035000000000000000e+05 4.000000000000000000e+00
4.065000000000000000e+05 3.000000000000000000e+00
4.095000000000000000e+05 6.000000000000000000e+00
4.125000000000000000e+05 8.000000000000000000e+00
4.155000000000000000e+05 3.000000000000000000e+00
4.185000000000000000e+05 4.000000000000000000e+00
4.215000000000000000e+05 5.000000000000000000e+00
4.245000000000000000e+05 5.000000000000000000e+00
4.275000000000000000e+05 2.000000000000000000e+00
4.305000000000000000e+05 4.000000000000000000e+00
4.335000000000000000e+05 3.000000000000000000e+00
4.365000000000000000e+05 4.000000000000000000e+00
4.395000000000000000e+05 3.000000000000000000e+00
4.425000000000000000e+05 1.000000000000000000e+00
4.455000000000000000e+05 3.000000000000000000e+00
4.485000000000000000e+05 4.000000000000000000e+00
4.515000000000000000e+05 5.000000000000000000e+00
4.545000000000000000e+05 3.000000000000000000e+00
4.575000000000000000e+05 7.000000000000000000e+00
4.605000000000000000e+05 6.000000000000000000e+00
4.635000000000000000e+05 6.000000000000000000e+00
4.665000000000000000e+05 4.000000000000000000e+00
4.695000000000000000e+05 5.000000000000000000e+00
4.725000000000000000e+05 8.000000000000000000e+00
4.755000000000000000e+05 8.000000000000000000e+00
4.785000000000000000e+05 4.000000000000000000e+00
4.815000000000000000e+05 8.000000000000000000e+00
4.845000000000000000e+05 7.000000000000000000e+00
4.875000000000000000e+05 3.000000000000000000e+00
4.905000000000000000e+05 7.000000000000000000e+00
4.935000000000000000e+05 1.000000000000000000e+01
4.965000000000000000e+05 5.000000000000000000e+00
4.995000000000000000e+05 6.000000000000000000e+00
5.025000000000000000e+05 7.000000000000000000e+00
5.055000000000000000e+05 7.000000000000000000e+00
5.085000000000000000e+05 4.000000000000000000e+00
5.115000000000000000e+05 8.000000000000000000e+00
5.145000000000000000e+05 8.000000000000000000e+00
5.175000000000000000e+05 4.000000000000000000e+00
5.205000000000000000e+05 9.000000000000000000e+00
5.235000000000000000e+05 6.000000000000000000e+00
5.265000000000000000e+05 6.000000000000000000e+00
5.295000000000000000e+05 5.000000000000000000e+00
5.325000000000000000e+05 8.000000000000000000e+00
5.355000000000000000e+05 1.000000000000000000e+01
5.385000000000000000e+05 8.000000000000000000e+00
5.415000000000000000e+05 6.000000000000000000e+00
5.445000000000000000e+05 5.000000000000000000e+00
5.475000000000000000e+05 1.100000000000000000e+01
5.505000000000000000e+05 8.000000000000000000e+00
5.535000000000000000e+05 6.000000000000000000e+00
5.565000000000000000e+05 2.000000000000000000e+00
5.595000000000000000e+05 8.000000000000000000e+00
5.625000000000000000e+05 4.000000000000000000e+00
5.655000000000000000e+05 4.000000000000000000e+00
5.685000000000000000e+05 4.000000000000000000e+00
5.715000000000000000e+05 9.000000000000000000e+00
5.745000000000000000e+05 7.000000000000000000e+00
5.775000000000000000e+05 8.000000000000000000e+00
5.805000000000000000e+05 6.000000000000000000e+00
5.835000000000000000e+05 2.000000000000000000e+00
5.865000000000000000e+05 3.000000000000000000e+00
5.895000000000000000e+05 5.000000000000000000e+00
5.925000000000000000e+05 5.000000000000000000e+00
5.955000000000000000e+05 3.000000000000000000e+00
5.985000000000000000e+05 7.000000000000000000e+00
6.015000000000000000e+05 6.000000000000000000e+00
6.045000000000000000e+05 3.000000000000000000e+00
6.075000000000000000e+05 2.000000000000000000e+00
6.105000000000000000e+05 7.000000000000000000e+00
6.135000000000000000e+05 3.000000000000000000e+00
6.165000000000000000e+05 6.000000000000000000e+00
6.195000000000000000e+05 3.000000000000000000e+00
6.225000000000000000e+05 5.000000000000000000e+00
6.255000000000000000e+05 4.000000000000000000e+00
6.285000000000000000e+05 6.000000000000000000e+00
6.315000000000000000e+05 4.000000000000000000e+00
6.345000000000000000e+05 8.000000000000000000e+00
6.375000000000000000e+05 3.000000000000000000e+00
6.405000000000000000e+05 4.000000000000000000e+00
6.435000000000000000e+05 1.200000000000000000e+01
6.465000000000000000e+05 2.000000000000000000e+00
6.495000000000000000e+05 5.000000000000000000e+00
6.525000000000000000e+05 2.000000000000000000e+00
6.555000000000000000e+05 3.000000000000000000e+00
6.585000000000000000e+05 4.000000000000000000e+00
6.615000000000000000e+05 4.000000000000000000e+00
6.645000000000000000e+05 1.000000000000000000e+00
6.675000000000000000e+05 3.000000000000000000e+00
6.705000000000000000e+05 2.000000000000000000e+00
6.735000000000000000e+05 0.000000000000000000e+00
6.765000000000000000e+05 3.000000000000000000e+00
6.795000000000000000e+05 3.000000000000000000e+00
6.825000000000000000e+05 2.000000000000000000e+00
6.855000000000000000e+05 5.000000000000000000e+00
6.885000000000000000e+05 4.000000000000000000e+00
6.915000000000000000e+05 3.000000000000000000e+00
6.945000000000000000e+05 1.000000000000000000e+00
6.975000000000000000e+05 2.000000000000000000e+00
7.005000000000000000e+05 2.000000000000000000e+00
7.035000000000000000e+05 1.000000000000000000e+00
7.065000000000000000e+05 3.000000000000000000e+00
7.095000000000000000e+05 3.000000000000000000e+00
7.125000000000000000e+05 4.000000000000000000e+00
7.155000000000000000e+05 1.000000000000000000e+00
7.185000000000000000e+05 2.000000000000000000e+00
7.215000000000000000e+05 0.000000000000000000e+00
7.245000000000000000e+05 2.000000000000000000e+00
7.275000000000000000e+05 2.000000000000000000e+00
7.305000000000000000e+05 2.000000000000000000e+00
7.335000000000000000e+05 0.000000000000000000e+00
7.365000000000000000e+05 1.000000000000000000e+00
7.395000000000000000e+05 0.000000000000000000e+00
7.425000000000000000e+05 0.000000000000000000e+00
7.455000000000000000e+05 1.000000000000000000e+00
7.485000000000000000e+05 0.000000000000000000e+00
7.515000000000000000e+05 0.000000000000000000e+00
7.545000000000000000e+05 0.000000000000000000e+00
7.575000000000000000e+05 0.000000000000000000e+00
7.605000000000000000e+05 0.000000000000000000e+00
7.635000000000000000e+05 0.000000000000000000e+00
7.665000000000000000e+05 0.000000000000000000e+00
7.695000000000000000e+05 0.000000000000000000e+00
7.725000000000000000e+05 0.000000000000000000e+00
7.755000000000000000e+05 0.000000000000000000e+00
7.785000000000000000e+05 0.000000000000000000e+00
7.815000000000000000e+05 0.000000000000000000e+00
7.845000000000000000e+05 0.000000000000000000e+00
7.875000000000000000e+05 0.000000000000000000e+00
7.905000000000000000e+05 0.000000000000000000e+00
7.935000000000000000e+05 0.000000000000000000e+00
7.965000000000000000e+05 0.000000000000000000e+00
7.995000000000000000e+05 0.000000000000000000e+00
8.025000000000000000e+05 0.000000000000000000e+00
8.055000000000000000e+05 0.000000000000000000e+00
8.085000000000000000e+05 0.000000000000000000e+00
8.115000000000000000e+05 0.000000000000000000e+00
8.145000000000000000e+05 0.000000000000000000e+00
8.175000000000000000e+05 0.000000000000000000e+00
8.205000000000000000e+05 0.000000000000000000e+00
8.235000000000000000e+05 0.000000000000000000e+00
8.265000000000000000e+05 0.000000000000000000e+00
8.295000000000000000e+05 0.000000000000000000e+00
8.325000000000000000e+05 0.000000000000000000e+00
8.355000000000000000e+05 0.000000000000000000e+00
8.385000000000000000e+05 0.000000000000000000e+00
8.415000000000000000e+05 0.000000000000000000e+00
8.445000000000000000e+05 0.000000000000000000e+00
8.475000000000000000e+05 0.000000000000000000e+00
8.505000000000000000e+05 0.000000000000000000e+00
8.535000000000000000e+05 0.000000000000000000e+00
8.565000000000000000e+05 0.000000000000000000e+00
8.595000000000000000e+05 0.000000000000000000e+00
8.625000000000000000e+05 0.000000000000000000e+00
8.655000000000000000e+05 0.000000000000000000e+00
8.685000000000000000e+05 0.000000000000000000e+00
8.715000000000000000e+05 0.000000000000000000e+00
8.745000000000000000e+05 0.000000000000000000e+00
8.775000000000000000e+05 0.000000000000000000e+00
8.805000000000000000e+05 0.000000000000000000e+00
8.835000000000000000e+05 0.000000000000000000e+00
8.865000000000000000e+05 0.000000000000000000e+00
8.895000000000000000e+05 0.000000000000000000e+00
8.925000000000000000e+05 0.000000000000000000e+00
8.955000000000000000e+05 0.000000000000000000e+00
8.985000000000000000e+05 0.000000000000000000e+00
9.015000000000000000e+05 0.000000000000000000e+00
9.045000000000000000e+05 0.000000000000000000e+00
9.075000000000000000e+05 0.000000000000000000e+00
9.105000000000000000e+05 0.000000000000000000e+00
9.135000000000000000e+05 0.000000000000000000e+00
9.165000000000000000e+05 0.000000000000000000e+00
9.195000000000000000e+05 0.000000000000000000e+00
9.225000000000000000e+05 0.000000000000000000e+00
9.255000000000000000e+05 0.000000000000000000e+00
9.285000000000000000e+05 0.000000000000000000e+00
9.315000000000000000e+05 0.000000000000000000e+00
9.345000000000000000e+05 0.000000000000000000e+00
9.375000000000000000e+05 0.000000000000000000e+00
9.405000000000000000e+05 0.000000000000000000e+00
9.435000000000000000e+05 0.000000000000000000e+00
9.465000000000000000e+05 0.000000000000000000e+00
9.495000000000000000e+05 0.000000000000000000e+00
9.525000000000000000e+05 0.000000000000000000e+00
9.555000000000000000e+05 0.000000000000000000e+00
9.585000000000000000e+05 0.000000000000000000e+00
9.615000000000000000e+05 0.000000000000000000e+00
9.645000000000000000e+05 0.000000000000000000e+00
9.675000000000000000e+05 0.000000000000000000e+00
9.705000000000000000e+05 0.000000000000000000e+00
9.735000000000000000e+05 0.000000000000000000e+00
9.765000000000000000e+05 0.000000000000000000e+00
9.795000000000000000e+05 0.000000000000000000e+00
9.825000000000000000e+05 0.000000000000000000e+00
9.855000000000000000e+05 0.000000000000000000e+00
9.885000000000000000e+05 0.000000000000000000e+00
9.915000000000000000e+05 0.000000000000000000e+00
9.945000000000000000e+05 0.000000000000000000e+00
9.975000000000000000e+05 0.000000000000000000e+00
1.000500000000000000e+06 0.000000000000000000e+00
1.003500000000000000e+06 0.000000000000000000e+00
1.006500000000000000e+06 0.000000000000000000e+00
1.009500000000000000e+06 0.000000000000000000e+00
1.012500000000000000e+06 0.000000000000000000e+00
1.015500000000000000e+06 0.000000000000000000e+00
1.018500000000000000e+06 0.000000000000000000e+00
1.021500000000000000e+06 0.000000000000000000e+00
1.024500000000000000e+06 0.000000000000000000e+00
1.027500000000000000e+06 0.000000000000000000e+00
1.030500000000000000e+06 0.000000000000000000e+00
1.033500000000000000e+06 0.000000000000000000e+00
1.036500000000000000e+06 0.000000000000000000e+00
1.039500000000000000e+06 0.000000000000000000e+00
1.042500000000000000e+06 0.000000000000000000e+00
1.045500000000000000e+06 0.000000000000000000e+00
1.048500000000000000e+06 0.000000000000000000e+00
1.051500000000000000e+06 0.000000000000000000e+00
1.054500000000000000e+06 0.000000000000000000e+00
1.057500000000000000e+06 0.000000000000000000e+00
1.060500000000000000e+06 0.000000000000000000e+00
1.063500000000000000e+06 0.000000000000000000e+00
1.066500000000000000e+06 0.000000000000000000e+00
1.069500000000000000e+06 0.000000000000000000e+00
1.072500000000000000e+06 0.000000000000000000e+00
1.075500000000000000e+06 0.000000000000000000e+00
1.078500000000000000e+06 0.000000000000000000e+00
1.081500000000000000e+06 0.000000000000000000e+00
1.084500000000000000e+06 0.000000000000000000e+00
1.087500000000000000e+06 0.000000000000000000e+00
1.090500000000000000e+06 0.000000000000000000e+00
1.093500000000000000e+06 0.000000000000000000e+00
1.096500000000000000e+06 0.000000000000000000e+00
1.099500000000000000e+06 0.000000000000000000e+00
1.102500000000000000e+06 0.000000000000000000e+00
1.105500000000000000e+06 0.000000000000000000e+00
1.108500000000000000e+06 0.000000000000000000e+00
1.111500000000000000e+06 0.000000000000000000e+00
1.114500000000000000e+06 0.000000000000000000e+00
1.117500000000000000e+06 0.000000000000000000e+00
1.120500000000000000e+06 0.000000000000000000e+00
1.123500000000000000e+06 0.000000000000000000e+00
1.126500000000000000e+06 0.000000000000000000e+00
1.129500000000000000e+06 0.000000000000000000e+00
1.132500000000000000e+06 0.000000000000000000e+00
1.135500000000000000e+06 0.000000000000000000e+00
1.138500000000000000e+06 0.000000000000000000e+00
1.141500000000000000e+06 0.000000000000000000e+00
1.144500000000000000e+06 0.000000000000000000e+00
1.147500000000000000e+06 0.000000000000000000e+00
1.150500000000000000e+06 0.000000000000000000e+00
1.153500000000000000e+06 0.000000000000000000e+00
1.156500000000000000e+06 0.000000000000000000e+00
1.159500000000000000e+06 0.000000000000000000e+00
1.162500000000000000e+06 0.000000000000000000e+00
1.165500000000000000e+06 0.000000000000000000e+00
1.168500000000000000e+06 0.000000000000000000e+00
1.171500000000000000e+06 0.000000000000000000e+00
1.174500000000000000e+06 0.000000000000000000e+00
1.177500000000000000e+06 0.000000000000000000e+00
1.180500000000000000e+06 0.000000000000000000e+00
1.183500000000000000e+06 0.000000000000000000e+00
1.186500000000000000e+06 0.000000000000000000e+00
1.189500000000000000e+06 0.000000000000000000e+00
1.192500000000000000e+06 0.000000000000000000e+00
1.195500000000000000e+06 0.000000000000000000e+00
1.198500000000000000e+06 0.000000000000000000e+00
1.201500000000000000e+06 0.000000000000000000e+00
1.204500000000000000e+06 0.000000000000000000e+00
1.207500000000000000e+06 0.000000000000000000e+00
1.210500000000000000e+06 0.000000000000000000e+00
1.213500000000000000e+06 0.000000000000000000e+00
1.216500000000000000e+06 0.000000000000000000e+00
1.219500000000000000e+06 0.000000000000000000e+00
1.222500000000000000e+06 0.000000000000000000e+00
1.225500000000000000e+06 0.000000000000000000e+00
1.228500000000000000e+06 0.000000000000000000e+00
1.231500000000000000e+06 0.000000000000000000e+00
