# Bin centers (areas) Counts
1.750000000000000000e+02 1.600000000000000000e+01
5.250000000000000000e+02 3.765000000000000000e+03
8.750000000000000000e+02 2.199200000000000000e+04
1.225000000000000000e+03 3.419500000000000000e+04
1.575000000000000000e+03 3.912700000000000000e+04
1.925000000000000000e+03 4.011700000000000000e+04
2.275000000000000000e+03 3.775300000000000000e+04
2.625000000000000000e+03 3.179100000000000000e+04
2.975000000000000000e+03 2.351000000000000000e+04
3.325000000000000000e+03 1.541100000000000000e+04
3.675000000000000000e+03 1.005800000000000000e+04
4.025000000000000000e+03 7.080000000000000000e+03
4.375000000000000000e+03 5.969000000000000000e+03
4.725000000000000000e+03 5.384000000000000000e+03
5.075000000000000000e+03 5.382000000000000000e+03
5.425000000000000000e+03 5.344000000000000000e+03
5.775000000000000000e+03 5.453000000000000000e+03
6.125000000000000000e+03 5.655000000000000000e+03
6.475000000000000000e+03 5.673000000000000000e+03
6.825000000000000000e+03 5.888000000000000000e+03
7.175000000000000000e+03 5.825000000000000000e+03
7.525000000000000000e+03 5.520000000000000000e+03
7.875000000000000000e+03 5.118000000000000000e+03
8.225000000000000000e+03 4.267000000000000000e+03
8.575000000000000000e+03 3.512000000000000000e+03
8.925000000000000000e+03 2.808000000000000000e+03
9.275000000000000000e+03 2.254000000000000000e+03
9.625000000000000000e+03 1.508000000000000000e+03
9.975000000000000000e+03 1.127000000000000000e+03
1.032500000000000000e+04 7.510000000000000000e+02
1.067500000000000000e+04 5.130000000000000000e+02
1.102500000000000000e+04 3.230000000000000000e+02
1.137500000000000000e+04 2.550000000000000000e+02
1.172500000000000000e+04 1.560000000000000000e+02
1.207500000000000000e+04 1.070000000000000000e+02
1.242500000000000000e+04 8.200000000000000000e+01
1.277500000000000000e+04 5.600000000000000000e+01
1.312500000000000000e+04 4.000000000000000000e+01
1.347500000000000000e+04 4.200000000000000000e+01
1.382500000000000000e+04 2.800000000000000000e+01
1.417500000000000000e+04 3.300000000000000000e+01
1.452500000000000000e+04 3.100000000000000000e+01
1.487500000000000000e+04 3.000000000000000000e+01
1.522500000000000000e+04 1.900000000000000000e+01
1.557500000000000000e+04 3.400000000000000000e+01
1.592500000000000000e+04 2.700000000000000000e+01
1.627500000000000000e+04 1.700000000000000000e+01
1.662500000000000000e+04 2.500000000000000000e+01
1.697500000000000000e+04 2.000000000000000000e+01
1.732500000000000000e+04 2.300000000000000000e+01
1.767500000000000000e+04 2.000000000000000000e+01
1.802500000000000000e+04 1.700000000000000000e+01
1.837500000000000000e+04 2.700000000000000000e+01
1.872500000000000000e+04 2.700000000000000000e+01
1.907500000000000000e+04 1.900000000000000000e+01
1.942500000000000000e+04 2.100000000000000000e+01
1.977500000000000000e+04 1.800000000000000000e+01
2.012500000000000000e+04 2.100000000000000000e+01
2.047500000000000000e+04 2.900000000000000000e+01
2.082500000000000000e+04 2.900000000000000000e+01
2.117500000000000000e+04 1.500000000000000000e+01
2.152500000000000000e+04 2.400000000000000000e+01
2.187500000000000000e+04 1.900000000000000000e+01
2.222500000000000000e+04 2.100000000000000000e+01
2.257500000000000000e+04 2.600000000000000000e+01
2.292500000000000000e+04 1.500000000000000000e+01
2.327500000000000000e+04 2.500000000000000000e+01
2.362500000000000000e+04 2.600000000000000000e+01
2.397500000000000000e+04 2.700000000000000000e+01
2.432500000000000000e+04 2.900000000000000000e+01
2.467500000000000000e+04 2.300000000000000000e+01
2.502500000000000000e+04 2.300000000000000000e+01
2.537500000000000000e+04 2.200000000000000000e+01
2.572500000000000000e+04 2.400000000000000000e+01
2.607500000000000000e+04 1.500000000000000000e+01
2.642500000000000000e+04 3.000000000000000000e+01
2.677500000000000000e+04 1.300000000000000000e+01
2.712500000000000000e+04 1.600000000000000000e+01
2.747500000000000000e+04 1.500000000000000000e+01
2.782500000000000000e+04 2.400000000000000000e+01
2.817500000000000000e+04 2.000000000000000000e+01
2.852500000000000000e+04 1.500000000000000000e+01
2.887500000000000000e+04 1.900000000000000000e+01
2.922500000000000000e+04 2.000000000000000000e+01
2.957500000000000000e+04 2.000000000000000000e+01
2.992500000000000000e+04 1.100000000000000000e+01
3.027500000000000000e+04 2.500000000000000000e+01
3.062500000000000000e+04 1.000000000000000000e+01
3.097500000000000000e+04 1.700000000000000000e+01
3.132500000000000000e+04 1.700000000000000000e+01
3.167500000000000000e+04 1.200000000000000000e+01
3.202500000000000000e+04 1.400000000000000000e+01
3.237500000000000000e+04 1.000000000000000000e+01
3.272500000000000000e+04 1.000000000000000000e+01
3.307500000000000000e+04 1.800000000000000000e+01
3.342500000000000000e+04 1.400000000000000000e+01
3.377500000000000000e+04 8.000000000000000000e+00
3.412500000000000000e+04 1.800000000000000000e+01
3.447500000000000000e+04 1.600000000000000000e+01
3.482500000000000000e+04 1.200000000000000000e+01
3.517500000000000000e+04 1.600000000000000000e+01
3.552500000000000000e+04 1.400000000000000000e+01
3.587500000000000000e+04 2.200000000000000000e+01
3.622500000000000000e+04 2.400000000000000000e+01
3.657500000000000000e+04 2.800000000000000000e+01
3.692500000000000000e+04 2.900000000000000000e+01
3.727500000000000000e+04 4.400000000000000000e+01
3.762500000000000000e+04 3.000000000000000000e+01
3.797500000000000000e+04 4.100000000000000000e+01
3.832500000000000000e+04 3.700000000000000000e+01
3.867500000000000000e+04 3.800000000000000000e+01
3.902500000000000000e+04 2.100000000000000000e+01
3.937500000000000000e+04 2.800000000000000000e+01
3.972500000000000000e+04 1.800000000000000000e+01
4.007500000000000000e+04 1.300000000000000000e+01
4.042500000000000000e+04 8.000000000000000000e+00
4.077500000000000000e+04 6.000000000000000000e+00
4.112500000000000000e+04 3.000000000000000000e+00
4.147500000000000000e+04 0.000000000000000000e+00
4.182500000000000000e+04 0.000000000000000000e+00
4.217500000000000000e+04 0.000000000000000000e+00
4.252500000000000000e+04 0.000000000000000000e+00
4.287500000000000000e+04 0.000000000000000000e+00
4.322500000000000000e+04 0.000000000000000000e+00
4.357500000000000000e+04 0.000000000000000000e+00
4.392500000000000000e+04 0.000000000000000000e+00
4.427500000000000000e+04 0.000000000000000000e+00
4.462500000000000000e+04 0.000000000000000000e+00
4.497500000000000000e+04 0.000000000000000000e+00
4.532500000000000000e+04 0.000000000000000000e+00
4.567500000000000000e+04 0.000000000000000000e+00
4.602500000000000000e+04 0.000000000000000000e+00
4.637500000000000000e+04 0.000000000000000000e+00
4.672500000000000000e+04 0.000000000000000000e+00
4.707500000000000000e+04 0.000000000000000000e+00
4.742500000000000000e+04 0.000000000000000000e+00
4.777500000000000000e+04 0.000000000000000000e+00
4.812500000000000000e+04 0.000000000000000000e+00
4.847500000000000000e+04 0.000000000000000000e+00
4.882500000000000000e+04 0.000000000000000000e+00
4.917500000000000000e+04 0.000000000000000000e+00
4.952500000000000000e+04 0.000000000000000000e+00
