# Bin centers (areas) Counts
1.750000000000000000e+02 1.000000000000000000e+00
5.250000000000000000e+02 4.330000000000000000e+02
8.750000000000000000e+02 8.160000000000000000e+03
1.225000000000000000e+03 2.378700000000000000e+04
1.575000000000000000e+03 3.493700000000000000e+04
1.925000000000000000e+03 4.054000000000000000e+04
2.275000000000000000e+03 3.966700000000000000e+04
2.625000000000000000e+03 3.290800000000000000e+04
2.975000000000000000e+03 2.267500000000000000e+04
3.325000000000000000e+03 1.392300000000000000e+04
3.675000000000000000e+03 8.960000000000000000e+03
4.025000000000000000e+03 6.615000000000000000e+03
4.375000000000000000e+03 5.554000000000000000e+03
4.725000000000000000e+03 5.243000000000000000e+03
5.075000000000000000e+03 5.227000000000000000e+03
5.425000000000000000e+03 5.253000000000000000e+03
5.775000000000000000e+03 5.466000000000000000e+03
6.125000000000000000e+03 5.554000000000000000e+03
6.475000000000000000e+03 6.054000000000000000e+03
6.825000000000000000e+03 6.067000000000000000e+03
7.175000000000000000e+03 6.056000000000000000e+03
7.525000000000000000e+03 5.916000000000000000e+03
7.875000000000000000e+03 5.165000000000000000e+03
8.225000000000000000e+03 4.349000000000000000e+03
8.575000000000000000e+03 3.617000000000000000e+03
8.925000000000000000e+03 2.739000000000000000e+03
9.275000000000000000e+03 2.046000000000000000e+03
9.625000000000000000e+03 1.365000000000000000e+03
9.975000000000000000e+03 1.022000000000000000e+03
1.032500000000000000e+04 6.610000000000000000e+02
1.067500000000000000e+04 4.300000000000000000e+02
1.102500000000000000e+04 3.260000000000000000e+02
1.137500000000000000e+04 2.010000000000000000e+02
1.172500000000000000e+04 1.410000000000000000e+02
1.207500000000000000e+04 8.500000000000000000e+01
1.242500000000000000e+04 8.200000000000000000e+01
1.277500000000000000e+04 4.000000000000000000e+01
1.312500000000000000e+04 3.500000000000000000e+01
1.347500000000000000e+04 3.100000000000000000e+01
1.382500000000000000e+04 2.500000000000000000e+01
1.417500000000000000e+04 2.300000000000000000e+01
1.452500000000000000e+04 2.700000000000000000e+01
1.487500000000000000e+04 2.300000000000000000e+01
1.522500000000000000e+04 3.200000000000000000e+01
1.557500000000000000e+04 2.100000000000000000e+01
1.592500000000000000e+04 1.300000000000000000e+01
1.627500000000000000e+04 1.600000000000000000e+01
1.662500000000000000e+04 1.900000000000000000e+01
1.697500000000000000e+04 2.400000000000000000e+01
1.732500000000000000e+04 1.500000000000000000e+01
1.767500000000000000e+04 1.600000000000000000e+01
1.802500000000000000e+04 1.600000000000000000e+01
1.837500000000000000e+04 1.700000000000000000e+01
1.872500000000000000e+04 2.300000000000000000e+01
1.907500000000000000e+04 2.600000000000000000e+01
1.942500000000000000e+04 1.800000000000000000e+01
1.977500000000000000e+04 2.200000000000000000e+01
2.012500000000000000e+04 1.700000000000000000e+01
2.047500000000000000e+04 1.800000000000000000e+01
2.082500000000000000e+04 1.400000000000000000e+01
2.117500000000000000e+04 2.300000000000000000e+01
2.152500000000000000e+04 2.000000000000000000e+01
2.187500000000000000e+04 2.700000000000000000e+01
2.222500000000000000e+04 1.700000000000000000e+01
2.257500000000000000e+04 2.100000000000000000e+01
2.292500000000000000e+04 1.900000000000000000e+01
2.327500000000000000e+04 1.600000000000000000e+01
2.362500000000000000e+04 2.500000000000000000e+01
2.397500000000000000e+04 1.700000000000000000e+01
2.432500000000000000e+04 2.200000000000000000e+01
2.467500000000000000e+04 2.200000000000000000e+01
2.502500000000000000e+04 1.800000000000000000e+01
2.537500000000000000e+04 2.800000000000000000e+01
2.572500000000000000e+04 1.600000000000000000e+01
2.607500000000000000e+04 2.400000000000000000e+01
2.642500000000000000e+04 2.700000000000000000e+01
2.677500000000000000e+04 2.100000000000000000e+01
2.712500000000000000e+04 1.400000000000000000e+01
2.747500000000000000e+04 2.400000000000000000e+01
2.782500000000000000e+04 1.300000000000000000e+01
2.817500000000000000e+04 1.900000000000000000e+01
2.852500000000000000e+04 1.300000000000000000e+01
2.887500000000000000e+04 1.800000000000000000e+01
2.922500000000000000e+04 1.600000000000000000e+01
2.957500000000000000e+04 1.800000000000000000e+01
2.992500000000000000e+04 1.600000000000000000e+01
3.027500000000000000e+04 2.200000000000000000e+01
3.062500000000000000e+04 1.800000000000000000e+01
3.097500000000000000e+04 1.900000000000000000e+01
3.132500000000000000e+04 2.000000000000000000e+01
3.167500000000000000e+04 2.100000000000000000e+01
3.202500000000000000e+04 2.100000000000000000e+01
3.237500000000000000e+04 3.000000000000000000e+01
3.272500000000000000e+04 4.600000000000000000e+01
3.307500000000000000e+04 6.500000000000000000e+01
3.342500000000000000e+04 6.800000000000000000e+01
3.377500000000000000e+04 4.200000000000000000e+01
3.412500000000000000e+04 4.200000000000000000e+01
3.447500000000000000e+04 3.700000000000000000e+01
3.482500000000000000e+04 4.500000000000000000e+01
3.517500000000000000e+04 3.000000000000000000e+01
3.552500000000000000e+04 2.800000000000000000e+01
3.587500000000000000e+04 2.000000000000000000e+01
3.622500000000000000e+04 5.000000000000000000e+00
3.657500000000000000e+04 0.000000000000000000e+00
3.692500000000000000e+04 0.000000000000000000e+00
3.727500000000000000e+04 0.000000000000000000e+00
3.762500000000000000e+04 0.000000000000000000e+00
3.797500000000000000e+04 0.000000000000000000e+00
3.832500000000000000e+04 0.000000000000000000e+00
3.867500000000000000e+04 0.000000000000000000e+00
3.902500000000000000e+04 0.000000000000000000e+00
3.937500000000000000e+04 0.000000000000000000e+00
3.972500000000000000e+04 0.000000000000000000e+00
4.007500000000000000e+04 0.000000000000000000e+00
4.042500000000000000e+04 0.000000000000000000e+00
4.077500000000000000e+04 0.000000000000000000e+00
4.112500000000000000e+04 0.000000000000000000e+00
4.147500000000000000e+04 0.000000000000000000e+00
4.182500000000000000e+04 0.000000000000000000e+00
4.217500000000000000e+04 0.000000000000000000e+00
4.252500000000000000e+04 0.000000000000000000e+00
4.287500000000000000e+04 0.000000000000000000e+00
4.322500000000000000e+04 0.000000000000000000e+00
4.357500000000000000e+04 0.000000000000000000e+00
4.392500000000000000e+04 0.000000000000000000e+00
4.427500000000000000e+04 0.000000000000000000e+00
4.462500000000000000e+04 0.000000000000000000e+00
4.497500000000000000e+04 0.000000000000000000e+00
4.532500000000000000e+04 0.000000000000000000e+00
4.567500000000000000e+04 0.000000000000000000e+00
4.602500000000000000e+04 0.000000000000000000e+00
4.637500000000000000e+04 0.000000000000000000e+00
4.672500000000000000e+04 0.000000000000000000e+00
4.707500000000000000e+04 0.000000000000000000e+00
4.742500000000000000e+04 0.000000000000000000e+00
4.777500000000000000e+04 0.000000000000000000e+00
4.812500000000000000e+04 0.000000000000000000e+00
4.847500000000000000e+04 0.000000000000000000e+00
4.882500000000000000e+04 0.000000000000000000e+00
4.917500000000000000e+04 0.000000000000000000e+00
4.952500000000000000e+04 0.000000000000000000e+00
