# Bin centers (areas) Counts
1.750000000000000000e+02 3.000000000000000000e+00
5.250000000000000000e+02 2.850000000000000000e+02
8.750000000000000000e+02 5.559000000000000000e+03
1.225000000000000000e+03 1.071700000000000000e+04
1.575000000000000000e+03 1.279900000000000000e+04
1.925000000000000000e+03 1.325600000000000000e+04
2.275000000000000000e+03 1.299300000000000000e+04
2.625000000000000000e+03 1.314300000000000000e+04
2.975000000000000000e+03 1.259600000000000000e+04
3.325000000000000000e+03 1.199500000000000000e+04
3.675000000000000000e+03 1.013900000000000000e+04
4.025000000000000000e+03 8.310000000000000000e+03
4.375000000000000000e+03 6.615000000000000000e+03
4.725000000000000000e+03 4.970000000000000000e+03
5.075000000000000000e+03 3.620000000000000000e+03
5.425000000000000000e+03 2.809000000000000000e+03
5.775000000000000000e+03 2.199000000000000000e+03
6.125000000000000000e+03 1.913000000000000000e+03
6.475000000000000000e+03 1.697000000000000000e+03
6.825000000000000000e+03 1.607000000000000000e+03
7.175000000000000000e+03 1.649000000000000000e+03
7.525000000000000000e+03 1.596000000000000000e+03
7.875000000000000000e+03 1.628000000000000000e+03
8.225000000000000000e+03 1.694000000000000000e+03
8.575000000000000000e+03 1.633000000000000000e+03
8.925000000000000000e+03 1.666000000000000000e+03
9.275000000000000000e+03 1.717000000000000000e+03
9.625000000000000000e+03 1.784000000000000000e+03
9.975000000000000000e+03 1.809000000000000000e+03
1.032500000000000000e+04 1.865000000000000000e+03
1.067500000000000000e+04 1.729000000000000000e+03
1.102500000000000000e+04 1.753000000000000000e+03
1.137500000000000000e+04 1.659000000000000000e+03
1.172500000000000000e+04 1.522000000000000000e+03
1.207500000000000000e+04 1.351000000000000000e+03
1.242500000000000000e+04 1.186000000000000000e+03
1.277500000000000000e+04 9.840000000000000000e+02
1.312500000000000000e+04 8.810000000000000000e+02
1.347500000000000000e+04 7.240000000000000000e+02
1.382500000000000000e+04 6.500000000000000000e+02
1.417500000000000000e+04 4.880000000000000000e+02
1.452500000000000000e+04 3.780000000000000000e+02
1.487500000000000000e+04 3.030000000000000000e+02
1.522500000000000000e+04 2.330000000000000000e+02
1.557500000000000000e+04 1.820000000000000000e+02
1.592500000000000000e+04 1.460000000000000000e+02
1.627500000000000000e+04 1.090000000000000000e+02
1.662500000000000000e+04 9.800000000000000000e+01
1.697500000000000000e+04 7.100000000000000000e+01
1.732500000000000000e+04 5.500000000000000000e+01
1.767500000000000000e+04 5.100000000000000000e+01
1.802500000000000000e+04 3.400000000000000000e+01
1.837500000000000000e+04 3.000000000000000000e+01
1.872500000000000000e+04 2.200000000000000000e+01
1.907500000000000000e+04 1.100000000000000000e+01
1.942500000000000000e+04 2.000000000000000000e+01
1.977500000000000000e+04 8.000000000000000000e+00
2.012500000000000000e+04 6.000000000000000000e+00
2.047500000000000000e+04 1.000000000000000000e+01
2.082500000000000000e+04 8.000000000000000000e+00
2.117500000000000000e+04 9.000000000000000000e+00
2.152500000000000000e+04 8.000000000000000000e+00
2.187500000000000000e+04 6.000000000000000000e+00
2.222500000000000000e+04 6.000000000000000000e+00
2.257500000000000000e+04 6.000000000000000000e+00
2.292500000000000000e+04 1.100000000000000000e+01
2.327500000000000000e+04 4.000000000000000000e+00
2.362500000000000000e+04 6.000000000000000000e+00
2.397500000000000000e+04 2.000000000000000000e+00
2.432500000000000000e+04 4.000000000000000000e+00
2.467500000000000000e+04 6.000000000000000000e+00
2.502500000000000000e+04 3.000000000000000000e+00
2.537500000000000000e+04 7.000000000000000000e+00
2.572500000000000000e+04 2.000000000000000000e+00
2.607500000000000000e+04 7.000000000000000000e+00
2.642500000000000000e+04 4.000000000000000000e+00
2.677500000000000000e+04 4.000000000000000000e+00
2.712500000000000000e+04 3.000000000000000000e+00
2.747500000000000000e+04 9.000000000000000000e+00
2.782500000000000000e+04 5.000000000000000000e+00
2.817500000000000000e+04 4.000000000000000000e+00
2.852500000000000000e+04 8.000000000000000000e+00
2.887500000000000000e+04 4.000000000000000000e+00
2.922500000000000000e+04 7.000000000000000000e+00
2.957500000000000000e+04 6.000000000000000000e+00
2.992500000000000000e+04 2.000000000000000000e+00
3.027500000000000000e+04 6.000000000000000000e+00
3.062500000000000000e+04 5.000000000000000000e+00
3.097500000000000000e+04 6.000000000000000000e+00
3.132500000000000000e+04 2.000000000000000000e+00
3.167500000000000000e+04 4.000000000000000000e+00
3.202500000000000000e+04 7.000000000000000000e+00
3.237500000000000000e+04 1.000000000000000000e+01
3.272500000000000000e+04 9.000000000000000000e+00
3.307500000000000000e+04 1.000000000000000000e+01
3.342500000000000000e+04 4.000000000000000000e+00
3.377500000000000000e+04 9.000000000000000000e+00
3.412500000000000000e+04 7.000000000000000000e+00
3.447500000000000000e+04 1.000000000000000000e+01
3.482500000000000000e+04 7.000000000000000000e+00
3.517500000000000000e+04 7.000000000000000000e+00
3.552500000000000000e+04 1.200000000000000000e+01
3.587500000000000000e+04 7.000000000000000000e+00
3.622500000000000000e+04 8.000000000000000000e+00
3.657500000000000000e+04 5.000000000000000000e+00
3.692500000000000000e+04 7.000000000000000000e+00
3.727500000000000000e+04 8.000000000000000000e+00
3.762500000000000000e+04 9.000000000000000000e+00
3.797500000000000000e+04 6.000000000000000000e+00
3.832500000000000000e+04 1.700000000000000000e+01
3.867500000000000000e+04 2.400000000000000000e+01
3.902500000000000000e+04 2.500000000000000000e+01
3.937500000000000000e+04 3.400000000000000000e+01
3.972500000000000000e+04 3.100000000000000000e+01
4.007500000000000000e+04 3.600000000000000000e+01
4.042500000000000000e+04 2.600000000000000000e+01
4.077500000000000000e+04 2.700000000000000000e+01
4.112500000000000000e+04 2.900000000000000000e+01
4.147500000000000000e+04 3.200000000000000000e+01
4.182500000000000000e+04 2.100000000000000000e+01
4.217500000000000000e+04 1.900000000000000000e+01
4.252500000000000000e+04 1.300000000000000000e+01
4.287500000000000000e+04 1.000000000000000000e+01
4.322500000000000000e+04 7.000000000000000000e+00
4.357500000000000000e+04 0.000000000000000000e+00
4.392500000000000000e+04 0.000000000000000000e+00
4.427500000000000000e+04 0.000000000000000000e+00
4.462500000000000000e+04 0.000000000000000000e+00
4.497500000000000000e+04 0.000000000000000000e+00
4.532500000000000000e+04 0.000000000000000000e+00
4.567500000000000000e+04 0.000000000000000000e+00
4.602500000000000000e+04 0.000000000000000000e+00
4.637500000000000000e+04 0.000000000000000000e+00
4.672500000000000000e+04 0.000000000000000000e+00
4.707500000000000000e+04 0.000000000000000000e+00
4.742500000000000000e+04 0.000000000000000000e+00
4.777500000000000000e+04 0.000000000000000000e+00
4.812500000000000000e+04 0.000000000000000000e+00
4.847500000000000000e+04 0.000000000000000000e+00
4.882500000000000000e+04 0.000000000000000000e+00
4.917500000000000000e+04 0.000000000000000000e+00
4.952500000000000000e+04 0.000000000000000000e+00
