# Bin_centre Counts
1.0000E-01   5.93398E-04
1.1000E-01   5.78820E-04
1.2000E-01   5.68475E-04
1.3000E-01   5.66358E-04
1.4000E-01   5.55455E-04
1.5000E-01   5.49503E-04
1.6000E-01   5.55095E-04
1.7000E-01   5.41675E-04
1.8000E-01   5.42154E-04
1.9000E-01   5.38560E-04
2.0000E-01   5.27057E-04
2.1000E-01   5.29373E-04
2.2000E-01   5.35364E-04
2.3000E-01   5.22623E-04
2.4000E-01   5.28615E-04
2.5000E-01   5.22583E-04
2.6000E-01   5.32649E-04
2.7000E-01   5.21106E-04
2.8000E-01   5.08644E-04
2.9000E-01   5.14476E-04
3.0000E-01   5.06208E-04
3.1000E-01   5.04011E-04
3.2000E-01   5.01974E-04
3.3000E-01   5.07606E-04
3.4000E-01   5.04810E-04
3.5000E-01   5.05089E-04
3.6000E-01   4.99178E-04
3.7000E-01   4.89952E-04
3.8000E-01   4.93067E-04
3.9000E-01   4.85359E-04
4.0000E-01   4.84800E-04
4.1000E-01   4.85399E-04
4.2000E-01   4.95464E-04
4.3000E-01   4.85199E-04
4.4000E-01   4.84520E-04
4.5000E-01   4.83561E-04
4.6000E-01   4.83881E-04
4.7000E-01   4.76612E-04
4.8000E-01   4.74375E-04
4.9000E-01   4.81205E-04
5.0000E-01   4.82882E-04
5.1000E-01   4.87595E-04
5.2000E-01   4.78809E-04
5.3000E-01   4.77091E-04
5.4000E-01   4.75174E-04
5.5000E-01   4.72857E-04
5.6000E-01   4.77091E-04
5.7000E-01   4.75493E-04
5.8000E-01   4.77011E-04
5.9000E-01   4.67665E-04
6.0000E-01   4.70741E-04
6.1000E-01   4.76612E-04
6.2000E-01   4.73976E-04
6.3000E-01   4.78689E-04
6.4000E-01   4.84800E-04
6.5000E-01   4.88075E-04
6.6000E-01   4.86158E-04
6.7000E-01   4.88874E-04
6.8000E-01   4.86118E-04
6.9000E-01   4.87076E-04
7.0000E-01   4.90311E-04
7.1000E-01   4.96183E-04
7.2000E-01   4.97700E-04
7.3000E-01   5.01175E-04
7.4000E-01   5.10242E-04
7.5000E-01   5.12119E-04
7.6000E-01   5.13996E-04
7.7000E-01   5.08564E-04
7.8000E-01   5.29134E-04
7.9000E-01   5.35964E-04
8.0000E-01   5.40157E-04
8.1000E-01   5.35484E-04
8.2000E-01   5.48824E-04
8.3000E-01   5.58171E-04
8.4000E-01   5.67197E-04
8.5000E-01   5.83573E-04
8.6000E-01   5.94117E-04
8.7000E-01   6.06738E-04
8.8000E-01   6.22036E-04
8.9000E-01   6.35576E-04
9.0000E-01   6.52550E-04
9.1000E-01   6.79031E-04
9.2000E-01   6.94089E-04
9.3000E-01   7.07309E-04
9.4000E-01   7.47290E-04
9.5000E-01   7.63505E-04
9.6000E-01   7.88588E-04
9.7000E-01   8.27450E-04
9.8000E-01   8.56967E-04
9.9000E-01   9.06892E-04
1.0000E+00   9.36209E-04
1.0100E+00   9.94243E-04
1.0200E+00   1.06238E-03
1.0300E+00   1.11055E-03
1.0400E+00   1.18244E-03
1.0500E+00   1.27698E-03
1.0600E+00   1.36429E-03
1.0700E+00   6.72001E-04
1.0800E+00   3.81513E-04
1.0900E+00   3.58867E-04
1.1000E+00   3.40734E-04
1.1100E+00   3.33824E-04
1.1200E+00   3.24717E-04
1.1300E+00   3.16570E-04
1.1400E+00   2.92485E-04
1.1500E+00   2.54702E-04
1.1600E+00   1.76138E-04
1.1700E+00   1.16107E-04
1.1800E+00   8.91875E-05
1.1900E+00   6.20678E-05
1.2000E+00   3.45487E-05
1.2100E+00   1.59763E-05
1.2200E+00   7.50884E-06
1.2300E+00   1.87721E-06
1.2400E+00   1.99703E-07
1.2500E+00   3.99407E-08
1.2600E+00   3.99407E-08
1.2700E+00   0.00000E+00
1.2800E+00   4.91270E-06
1.2900E+00   0.00000E+00
1.3000E+00   0.00000E+00
1.3100E+00   0.00000E+00
1.3200E+00   0.00000E+00
1.3300E+00   0.00000E+00
1.3400E+00   0.00000E+00
1.3500E+00   0.00000E+00
1.3600E+00   0.00000E+00
1.3700E+00   0.00000E+00
1.3800E+00   0.00000E+00
1.3900E+00   0.00000E+00
1.4000E+00   0.00000E+00
1.4100E+00   0.00000E+00
1.4200E+00   0.00000E+00
1.4300E+00   0.00000E+00
1.4400E+00   0.00000E+00
1.4500E+00   0.00000E+00
1.4600E+00   0.00000E+00
1.4700E+00   0.00000E+00
1.4800E+00   0.00000E+00
1.4900E+00   0.00000E+00
1.5000E+00   0.00000E+00
1.5100E+00   0.00000E+00
1.5200E+00   0.00000E+00
1.5300E+00   0.00000E+00
1.5400E+00   0.00000E+00
1.5500E+00   0.00000E+00
1.5600E+00   0.00000E+00
1.5700E+00   0.00000E+00
1.5800E+00   0.00000E+00
1.5900E+00   0.00000E+00
1.6000E+00   0.00000E+00
1.6100E+00   0.00000E+00
1.6200E+00   0.00000E+00
1.6300E+00   0.00000E+00
1.6400E+00   0.00000E+00
1.6500E+00   0.00000E+00
1.6600E+00   0.00000E+00
1.6700E+00   0.00000E+00
1.6800E+00   0.00000E+00
1.6900E+00   0.00000E+00
1.7000E+00   0.00000E+00
1.7100E+00   0.00000E+00
1.7200E+00   0.00000E+00
1.7300E+00   0.00000E+00
1.7400E+00   0.00000E+00
1.7500E+00   0.00000E+00
1.7600E+00   0.00000E+00
1.7700E+00   0.00000E+00
1.7800E+00   0.00000E+00
1.7900E+00   0.00000E+00
1.8000E+00   0.00000E+00
1.8100E+00   0.00000E+00
1.8200E+00   0.00000E+00
1.8300E+00   0.00000E+00
1.8400E+00   0.00000E+00
1.8500E+00   0.00000E+00
1.8600E+00   0.00000E+00
1.8700E+00   0.00000E+00
1.8800E+00   0.00000E+00
1.8900E+00   0.00000E+00
1.9000E+00   0.00000E+00
1.9100E+00   0.00000E+00
1.9200E+00   0.00000E+00
1.9300E+00   0.00000E+00
1.9400E+00   0.00000E+00
1.9500E+00   0.00000E+00
1.9600E+00   0.00000E+00
1.9700E+00   0.00000E+00
1.9800E+00   0.00000E+00
1.9900E+00   0.00000E+00
2.0000E+00   0.00000E+00