# Bin_centre Counts
1.0000E-01   2.38424E-03
1.1000E-01   2.32097E-03
1.2000E-01   2.28092E-03
1.3000E-01   2.23938E-03
1.4000E-01   2.22416E-03
1.5000E-01   2.19401E-03
1.6000E-01   2.16390E-03
1.7000E-01   2.14147E-03
1.8000E-01   2.11551E-03
1.9000E-01   2.09985E-03
2.0000E-01   2.10691E-03
2.1000E-01   2.10304E-03
2.2000E-01   2.11958E-03
2.3000E-01   2.14869E-03
2.4000E-01   2.18786E-03
2.5000E-01   2.24383E-03
2.6000E-01   2.33486E-03
2.7000E-01   2.43335E-03
2.8000E-01   2.57765E-03
2.9000E-01   2.75501E-03
3.0000E-01   2.98049E-03
3.1000E-01   3.26432E-03
3.2000E-01   3.62965E-03
3.3000E-01   4.08857E-03
3.4000E-01   4.52683E-03
3.5000E-01   1.76136E-03
3.6000E-01   1.18044E-03
3.7000E-01   1.07612E-03
3.8000E-01   1.01403E-03
3.9000E-01   9.67464E-04
4.0000E-01   8.67690E-04
4.1000E-01   5.89439E-04
4.2000E-01   3.41840E-04
4.3000E-01   2.39480E-04
4.4000E-01   1.29824E-04
4.5000E-01   5.98400E-05
4.6000E-01   2.01471E-05
4.7000E-01   5.11196E-06
4.8000E-01   6.01407E-07
4.9000E-01   8.01876E-08
5.0000E-01   1.00235E-07
5.1000E-01   8.01876E-08
5.2000E-01   2.51589E-05
5.3000E-01   0.00000E+00
5.4000E-01   0.00000E+00
5.5000E-01   0.00000E+00
5.6000E-01   0.00000E+00
5.7000E-01   0.00000E+00
5.8000E-01   0.00000E+00
5.9000E-01   0.00000E+00
6.0000E-01   0.00000E+00
6.1000E-01   0.00000E+00
6.2000E-01   0.00000E+00
6.3000E-01   0.00000E+00
6.4000E-01   0.00000E+00
6.5000E-01   0.00000E+00
6.6000E-01   0.00000E+00
6.7000E-01   0.00000E+00
6.8000E-01   0.00000E+00
6.9000E-01   0.00000E+00
7.0000E-01   0.00000E+00
7.1000E-01   0.00000E+00
7.2000E-01   0.00000E+00
7.3000E-01   0.00000E+00
7.4000E-01   0.00000E+00
7.5000E-01   0.00000E+00
7.6000E-01   0.00000E+00
7.7000E-01   0.00000E+00
7.8000E-01   0.00000E+00
7.9000E-01   0.00000E+00
8.0000E-01   0.00000E+00
8.1000E-01   0.00000E+00
8.2000E-01   0.00000E+00
8.3000E-01   0.00000E+00
8.4000E-01   0.00000E+00
8.5000E-01   0.00000E+00
8.6000E-01   0.00000E+00
8.7000E-01   0.00000E+00
8.8000E-01   0.00000E+00
8.9000E-01   0.00000E+00
9.0000E-01   0.00000E+00
9.1000E-01   0.00000E+00
9.2000E-01   0.00000E+00
9.3000E-01   0.00000E+00
9.4000E-01   0.00000E+00
9.5000E-01   0.00000E+00
9.6000E-01   0.00000E+00
9.7000E-01   0.00000E+00
9.8000E-01   0.00000E+00
9.9000E-01   0.00000E+00
1.0000E+00   0.00000E+00
1.0100E+00   0.00000E+00
1.0200E+00   0.00000E+00
1.0300E+00   0.00000E+00
1.0400E+00   0.00000E+00
1.0500E+00   0.00000E+00
1.0600E+00   0.00000E+00
1.0700E+00   0.00000E+00
1.0800E+00   0.00000E+00
1.0900E+00   0.00000E+00
1.1000E+00   0.00000E+00
1.1100E+00   0.00000E+00
1.1200E+00   0.00000E+00
1.1300E+00   0.00000E+00
1.1400E+00   0.00000E+00
1.1500E+00   0.00000E+00
1.1600E+00   0.00000E+00
1.1700E+00   0.00000E+00
1.1800E+00   0.00000E+00
1.1900E+00   0.00000E+00
1.2000E+00   0.00000E+00
1.2100E+00   0.00000E+00
1.2200E+00   0.00000E+00
1.2300E+00   0.00000E+00
1.2400E+00   0.00000E+00
1.2500E+00   0.00000E+00
1.2600E+00   0.00000E+00
1.2700E+00   0.00000E+00
1.2800E+00   0.00000E+00
1.2900E+00   0.00000E+00
1.3000E+00   0.00000E+00
1.3100E+00   0.00000E+00
1.3200E+00   0.00000E+00
1.3300E+00   0.00000E+00
1.3400E+00   0.00000E+00
1.3500E+00   0.00000E+00
1.3600E+00   0.00000E+00
1.3700E+00   0.00000E+00
1.3800E+00   0.00000E+00
1.3900E+00   0.00000E+00
1.4000E+00   0.00000E+00
1.4100E+00   0.00000E+00
1.4200E+00   0.00000E+00
1.4300E+00   0.00000E+00
1.4400E+00   0.00000E+00
1.4500E+00   0.00000E+00
1.4600E+00   0.00000E+00
1.4700E+00   0.00000E+00
1.4800E+00   0.00000E+00
1.4900E+00   0.00000E+00
1.5000E+00   0.00000E+00
1.5100E+00   0.00000E+00
1.5200E+00   0.00000E+00
1.5300E+00   0.00000E+00
1.5400E+00   0.00000E+00
1.5500E+00   0.00000E+00
1.5600E+00   0.00000E+00
1.5700E+00   0.00000E+00
1.5800E+00   0.00000E+00
1.5900E+00   0.00000E+00
1.6000E+00   0.00000E+00
1.6100E+00   0.00000E+00
1.6200E+00   0.00000E+00
1.6300E+00   0.00000E+00
1.6400E+00   0.00000E+00
1.6500E+00   0.00000E+00
1.6600E+00   0.00000E+00
1.6700E+00   0.00000E+00
1.6800E+00   0.00000E+00
1.6900E+00   0.00000E+00
1.7000E+00   0.00000E+00
1.7100E+00   0.00000E+00
1.7200E+00   0.00000E+00
1.7300E+00   0.00000E+00
1.7400E+00   0.00000E+00
1.7500E+00   0.00000E+00
1.7600E+00   0.00000E+00
1.7700E+00   0.00000E+00
1.7800E+00   0.00000E+00
1.7900E+00   0.00000E+00
1.8000E+00   0.00000E+00
1.8100E+00   0.00000E+00
1.8200E+00   0.00000E+00
1.8300E+00   0.00000E+00
1.8400E+00   0.00000E+00
1.8500E+00   0.00000E+00
1.8600E+00   0.00000E+00
1.8700E+00   0.00000E+00
1.8800E+00   0.00000E+00
1.8900E+00   0.00000E+00
1.9000E+00   0.00000E+00
1.9100E+00   0.00000E+00
1.9200E+00   0.00000E+00
1.9300E+00   0.00000E+00
1.9400E+00   0.00000E+00
1.9500E+00   0.00000E+00
1.9600E+00   0.00000E+00
1.9700E+00   0.00000E+00
1.9800E+00   0.00000E+00
1.9900E+00   0.00000E+00
2.0000E+00   0.00000E+00