# Bin centers (areas) Counts
4.000000000000000000e+02 0.000000000000000000e+00
1.200000000000000000e+03 0.000000000000000000e+00
2.000000000000000000e+03 0.000000000000000000e+00
2.800000000000000000e+03 1.000000000000000000e+00
3.600000000000000000e+03 0.000000000000000000e+00
4.400000000000000000e+03 0.000000000000000000e+00
5.200000000000000000e+03 2.000000000000000000e+00
6.000000000000000000e+03 2.700000000000000000e+01
6.800000000000000000e+03 2.250000000000000000e+02
7.600000000000000000e+03 4.360000000000000000e+02
8.400000000000000000e+03 4.380000000000000000e+02
9.200000000000000000e+03 4.900000000000000000e+02
1.000000000000000000e+04 4.600000000000000000e+02
1.080000000000000000e+04 4.420000000000000000e+02
1.160000000000000000e+04 5.010000000000000000e+02
1.240000000000000000e+04 4.260000000000000000e+02
1.320000000000000000e+04 4.390000000000000000e+02
1.400000000000000000e+04 4.110000000000000000e+02
1.480000000000000000e+04 3.790000000000000000e+02
1.560000000000000000e+04 3.850000000000000000e+02
1.640000000000000000e+04 3.310000000000000000e+02
1.720000000000000000e+04 2.900000000000000000e+02
1.800000000000000000e+04 2.900000000000000000e+02
1.880000000000000000e+04 2.720000000000000000e+02
1.960000000000000000e+04 2.190000000000000000e+02
2.040000000000000000e+04 1.910000000000000000e+02
2.120000000000000000e+04 2.010000000000000000e+02
2.200000000000000000e+04 1.930000000000000000e+02
2.280000000000000000e+04 1.840000000000000000e+02
2.360000000000000000e+04 1.740000000000000000e+02
2.440000000000000000e+04 1.610000000000000000e+02
2.520000000000000000e+04 1.560000000000000000e+02
2.600000000000000000e+04 1.910000000000000000e+02
2.680000000000000000e+04 1.560000000000000000e+02
2.760000000000000000e+04 1.440000000000000000e+02
2.840000000000000000e+04 1.230000000000000000e+02
2.920000000000000000e+04 1.220000000000000000e+02
3.000000000000000000e+04 1.280000000000000000e+02
3.080000000000000000e+04 1.280000000000000000e+02
3.160000000000000000e+04 1.240000000000000000e+02
3.240000000000000000e+04 1.240000000000000000e+02
3.320000000000000000e+04 1.110000000000000000e+02
3.400000000000000000e+04 1.280000000000000000e+02
3.480000000000000000e+04 1.070000000000000000e+02
3.560000000000000000e+04 1.090000000000000000e+02
3.640000000000000000e+04 1.130000000000000000e+02
3.720000000000000000e+04 1.220000000000000000e+02
3.800000000000000000e+04 1.030000000000000000e+02
3.880000000000000000e+04 1.090000000000000000e+02
3.960000000000000000e+04 9.600000000000000000e+01
4.040000000000000000e+04 9.400000000000000000e+01
4.120000000000000000e+04 9.000000000000000000e+01
4.200000000000000000e+04 9.400000000000000000e+01
4.280000000000000000e+04 1.040000000000000000e+02
4.360000000000000000e+04 7.900000000000000000e+01
4.440000000000000000e+04 8.400000000000000000e+01
4.520000000000000000e+04 1.110000000000000000e+02
4.600000000000000000e+04 6.700000000000000000e+01
4.680000000000000000e+04 8.800000000000000000e+01
4.760000000000000000e+04 7.900000000000000000e+01
4.840000000000000000e+04 6.200000000000000000e+01
4.920000000000000000e+04 6.200000000000000000e+01
5.000000000000000000e+04 7.500000000000000000e+01
5.080000000000000000e+04 6.900000000000000000e+01
5.160000000000000000e+04 8.300000000000000000e+01
5.240000000000000000e+04 5.500000000000000000e+01
5.320000000000000000e+04 5.600000000000000000e+01
5.400000000000000000e+04 5.400000000000000000e+01
5.480000000000000000e+04 6.600000000000000000e+01
5.560000000000000000e+04 6.000000000000000000e+01
5.640000000000000000e+04 6.100000000000000000e+01
5.720000000000000000e+04 5.200000000000000000e+01
5.800000000000000000e+04 5.500000000000000000e+01
5.880000000000000000e+04 5.400000000000000000e+01
5.960000000000000000e+04 3.700000000000000000e+01
6.040000000000000000e+04 3.800000000000000000e+01
6.120000000000000000e+04 4.200000000000000000e+01
6.200000000000000000e+04 4.100000000000000000e+01
6.280000000000000000e+04 5.100000000000000000e+01
6.360000000000000000e+04 3.900000000000000000e+01
6.440000000000000000e+04 4.800000000000000000e+01
6.520000000000000000e+04 4.400000000000000000e+01
6.600000000000000000e+04 3.600000000000000000e+01
6.680000000000000000e+04 4.100000000000000000e+01
6.760000000000000000e+04 3.700000000000000000e+01
6.840000000000000000e+04 4.200000000000000000e+01
6.920000000000000000e+04 3.000000000000000000e+01
7.000000000000000000e+04 3.700000000000000000e+01
7.080000000000000000e+04 3.500000000000000000e+01
7.160000000000000000e+04 3.300000000000000000e+01
7.240000000000000000e+04 3.800000000000000000e+01
7.320000000000000000e+04 3.700000000000000000e+01
7.400000000000000000e+04 3.600000000000000000e+01
7.480000000000000000e+04 2.600000000000000000e+01
7.560000000000000000e+04 2.900000000000000000e+01
7.640000000000000000e+04 3.800000000000000000e+01
7.720000000000000000e+04 3.500000000000000000e+01
7.800000000000000000e+04 3.100000000000000000e+01
7.880000000000000000e+04 3.400000000000000000e+01
7.960000000000000000e+04 3.500000000000000000e+01
8.040000000000000000e+04 3.000000000000000000e+01
8.120000000000000000e+04 2.400000000000000000e+01
8.200000000000000000e+04 2.400000000000000000e+01
8.280000000000000000e+04 2.800000000000000000e+01
8.360000000000000000e+04 2.300000000000000000e+01
8.440000000000000000e+04 2.300000000000000000e+01
8.520000000000000000e+04 2.400000000000000000e+01
8.600000000000000000e+04 2.700000000000000000e+01
8.680000000000000000e+04 2.500000000000000000e+01
8.760000000000000000e+04 2.800000000000000000e+01
8.840000000000000000e+04 3.200000000000000000e+01
8.920000000000000000e+04 2.900000000000000000e+01
9.000000000000000000e+04 2.800000000000000000e+01
9.080000000000000000e+04 2.800000000000000000e+01
9.160000000000000000e+04 2.700000000000000000e+01
9.240000000000000000e+04 2.300000000000000000e+01
9.320000000000000000e+04 2.000000000000000000e+01
9.400000000000000000e+04 3.400000000000000000e+01
9.480000000000000000e+04 1.900000000000000000e+01
9.560000000000000000e+04 2.300000000000000000e+01
9.640000000000000000e+04 1.900000000000000000e+01
9.720000000000000000e+04 2.600000000000000000e+01
9.800000000000000000e+04 2.400000000000000000e+01
9.880000000000000000e+04 2.000000000000000000e+01
9.960000000000000000e+04 1.800000000000000000e+01
1.004000000000000000e+05 2.300000000000000000e+01
1.012000000000000000e+05 2.200000000000000000e+01
1.020000000000000000e+05 2.100000000000000000e+01
1.028000000000000000e+05 1.900000000000000000e+01
1.036000000000000000e+05 1.700000000000000000e+01
1.044000000000000000e+05 2.600000000000000000e+01
1.052000000000000000e+05 1.800000000000000000e+01
1.060000000000000000e+05 1.800000000000000000e+01
1.068000000000000000e+05 2.000000000000000000e+01
1.076000000000000000e+05 2.400000000000000000e+01
1.084000000000000000e+05 1.800000000000000000e+01
1.092000000000000000e+05 1.200000000000000000e+01
1.100000000000000000e+05 1.300000000000000000e+01
1.108000000000000000e+05 1.400000000000000000e+01
1.116000000000000000e+05 1.500000000000000000e+01
1.124000000000000000e+05 1.100000000000000000e+01
1.132000000000000000e+05 8.000000000000000000e+00
1.140000000000000000e+05 1.300000000000000000e+01
1.148000000000000000e+05 1.200000000000000000e+01
1.156000000000000000e+05 1.200000000000000000e+01
1.164000000000000000e+05 6.000000000000000000e+00
1.172000000000000000e+05 1.200000000000000000e+01
1.180000000000000000e+05 1.300000000000000000e+01
1.188000000000000000e+05 1.400000000000000000e+01
1.196000000000000000e+05 1.600000000000000000e+01
1.204000000000000000e+05 1.400000000000000000e+01
1.212000000000000000e+05 6.000000000000000000e+00
1.220000000000000000e+05 1.300000000000000000e+01
1.228000000000000000e+05 1.100000000000000000e+01
1.236000000000000000e+05 1.500000000000000000e+01
1.244000000000000000e+05 1.200000000000000000e+01
1.252000000000000000e+05 9.000000000000000000e+00
1.260000000000000000e+05 1.100000000000000000e+01
1.268000000000000000e+05 8.000000000000000000e+00
1.276000000000000000e+05 1.400000000000000000e+01
1.284000000000000000e+05 6.000000000000000000e+00
1.292000000000000000e+05 8.000000000000000000e+00
1.300000000000000000e+05 7.000000000000000000e+00
1.308000000000000000e+05 8.000000000000000000e+00
1.316000000000000000e+05 5.000000000000000000e+00
1.324000000000000000e+05 1.200000000000000000e+01
1.332000000000000000e+05 9.000000000000000000e+00
1.340000000000000000e+05 8.000000000000000000e+00
1.348000000000000000e+05 1.200000000000000000e+01
1.356000000000000000e+05 6.000000000000000000e+00
1.364000000000000000e+05 4.000000000000000000e+00
1.372000000000000000e+05 6.000000000000000000e+00
1.380000000000000000e+05 1.000000000000000000e+01
1.388000000000000000e+05 6.000000000000000000e+00
1.396000000000000000e+05 3.000000000000000000e+00
1.404000000000000000e+05 9.000000000000000000e+00
1.412000000000000000e+05 3.000000000000000000e+00
1.420000000000000000e+05 3.000000000000000000e+00
1.428000000000000000e+05 6.000000000000000000e+00
1.436000000000000000e+05 8.000000000000000000e+00
1.444000000000000000e+05 5.000000000000000000e+00
1.452000000000000000e+05 1.200000000000000000e+01
1.460000000000000000e+05 8.000000000000000000e+00
1.468000000000000000e+05 1.000000000000000000e+01
1.476000000000000000e+05 6.000000000000000000e+00
1.484000000000000000e+05 5.000000000000000000e+00
1.492000000000000000e+05 6.000000000000000000e+00
1.500000000000000000e+05 6.000000000000000000e+00
1.508000000000000000e+05 3.000000000000000000e+00
1.516000000000000000e+05 1.100000000000000000e+01
1.524000000000000000e+05 7.000000000000000000e+00
1.532000000000000000e+05 6.000000000000000000e+00
1.540000000000000000e+05 1.000000000000000000e+00
1.548000000000000000e+05 2.000000000000000000e+00
1.556000000000000000e+05 2.000000000000000000e+00
1.564000000000000000e+05 4.000000000000000000e+00
1.572000000000000000e+05 8.000000000000000000e+00
1.580000000000000000e+05 3.000000000000000000e+00
1.588000000000000000e+05 3.000000000000000000e+00
1.596000000000000000e+05 2.000000000000000000e+00
1.604000000000000000e+05 6.000000000000000000e+00
1.612000000000000000e+05 4.000000000000000000e+00
1.620000000000000000e+05 7.000000000000000000e+00
1.628000000000000000e+05 7.000000000000000000e+00
1.636000000000000000e+05 3.000000000000000000e+00
1.644000000000000000e+05 3.000000000000000000e+00
1.652000000000000000e+05 1.000000000000000000e+00
1.660000000000000000e+05 1.000000000000000000e+00
1.668000000000000000e+05 4.000000000000000000e+00
1.676000000000000000e+05 3.000000000000000000e+00
1.684000000000000000e+05 4.000000000000000000e+00
1.692000000000000000e+05 5.000000000000000000e+00
1.700000000000000000e+05 0.000000000000000000e+00
1.708000000000000000e+05 3.000000000000000000e+00
1.716000000000000000e+05 3.000000000000000000e+00
1.724000000000000000e+05 1.000000000000000000e+00
1.732000000000000000e+05 1.000000000000000000e+00
1.740000000000000000e+05 3.000000000000000000e+00
1.748000000000000000e+05 0.000000000000000000e+00
1.756000000000000000e+05 4.000000000000000000e+00
1.764000000000000000e+05 4.000000000000000000e+00
1.772000000000000000e+05 3.000000000000000000e+00
1.780000000000000000e+05 5.000000000000000000e+00
1.788000000000000000e+05 4.000000000000000000e+00
1.796000000000000000e+05 5.000000000000000000e+00
1.804000000000000000e+05 8.000000000000000000e+00
1.812000000000000000e+05 0.000000000000000000e+00
1.820000000000000000e+05 6.000000000000000000e+00
1.828000000000000000e+05 2.000000000000000000e+00
1.836000000000000000e+05 6.000000000000000000e+00
1.844000000000000000e+05 1.000000000000000000e+00
1.852000000000000000e+05 3.000000000000000000e+00
1.860000000000000000e+05 2.000000000000000000e+00
1.868000000000000000e+05 2.000000000000000000e+00
1.876000000000000000e+05 4.000000000000000000e+00
1.884000000000000000e+05 3.000000000000000000e+00
1.892000000000000000e+05 4.000000000000000000e+00
1.900000000000000000e+05 1.000000000000000000e+00
1.908000000000000000e+05 2.000000000000000000e+00
1.916000000000000000e+05 2.000000000000000000e+00
1.924000000000000000e+05 0.000000000000000000e+00
1.932000000000000000e+05 1.000000000000000000e+00
1.940000000000000000e+05 4.000000000000000000e+00
1.948000000000000000e+05 2.000000000000000000e+00
1.956000000000000000e+05 3.000000000000000000e+00
1.964000000000000000e+05 3.000000000000000000e+00
1.972000000000000000e+05 4.000000000000000000e+00
1.980000000000000000e+05 3.000000000000000000e+00
1.988000000000000000e+05 2.000000000000000000e+00
1.996000000000000000e+05 2.000000000000000000e+00
2.004000000000000000e+05 3.000000000000000000e+00
2.012000000000000000e+05 2.000000000000000000e+00
2.020000000000000000e+05 4.000000000000000000e+00
2.028000000000000000e+05 0.000000000000000000e+00
2.036000000000000000e+05 2.000000000000000000e+00
2.044000000000000000e+05 4.000000000000000000e+00
2.052000000000000000e+05 2.000000000000000000e+00
2.060000000000000000e+05 2.000000000000000000e+00
2.068000000000000000e+05 1.000000000000000000e+00
2.076000000000000000e+05 3.000000000000000000e+00
2.084000000000000000e+05 1.000000000000000000e+00
2.092000000000000000e+05 2.000000000000000000e+00
2.100000000000000000e+05 4.000000000000000000e+00
2.108000000000000000e+05 1.000000000000000000e+00
2.116000000000000000e+05 2.000000000000000000e+00
2.124000000000000000e+05 5.000000000000000000e+00
2.132000000000000000e+05 1.000000000000000000e+00
2.140000000000000000e+05 2.000000000000000000e+00
2.148000000000000000e+05 2.000000000000000000e+00
2.156000000000000000e+05 0.000000000000000000e+00
2.164000000000000000e+05 4.000000000000000000e+00
2.172000000000000000e+05 4.000000000000000000e+00
2.180000000000000000e+05 0.000000000000000000e+00
2.188000000000000000e+05 4.000000000000000000e+00
2.196000000000000000e+05 0.000000000000000000e+00
2.204000000000000000e+05 2.000000000000000000e+00
2.212000000000000000e+05 4.000000000000000000e+00
2.220000000000000000e+05 3.000000000000000000e+00
2.228000000000000000e+05 2.000000000000000000e+00
2.236000000000000000e+05 2.000000000000000000e+00
2.244000000000000000e+05 3.000000000000000000e+00
2.252000000000000000e+05 3.000000000000000000e+00
2.260000000000000000e+05 1.000000000000000000e+00
2.268000000000000000e+05 2.000000000000000000e+00
2.276000000000000000e+05 1.000000000000000000e+00
2.284000000000000000e+05 3.000000000000000000e+00
2.292000000000000000e+05 2.000000000000000000e+00
2.300000000000000000e+05 1.000000000000000000e+00
2.308000000000000000e+05 2.000000000000000000e+00
2.316000000000000000e+05 1.000000000000000000e+00
2.324000000000000000e+05 3.000000000000000000e+00
2.332000000000000000e+05 1.000000000000000000e+00
2.340000000000000000e+05 3.000000000000000000e+00
2.348000000000000000e+05 0.000000000000000000e+00
2.356000000000000000e+05 3.000000000000000000e+00
2.364000000000000000e+05 1.000000000000000000e+00
2.372000000000000000e+05 0.000000000000000000e+00
2.380000000000000000e+05 0.000000000000000000e+00
2.388000000000000000e+05 2.000000000000000000e+00
2.396000000000000000e+05 2.000000000000000000e+00
2.404000000000000000e+05 3.000000000000000000e+00
2.412000000000000000e+05 0.000000000000000000e+00
2.420000000000000000e+05 1.000000000000000000e+00
2.428000000000000000e+05 2.000000000000000000e+00
2.436000000000000000e+05 1.000000000000000000e+00
2.444000000000000000e+05 1.000000000000000000e+00
2.452000000000000000e+05 1.000000000000000000e+00
2.460000000000000000e+05 0.000000000000000000e+00
2.468000000000000000e+05 2.000000000000000000e+00
2.476000000000000000e+05 1.000000000000000000e+00
2.484000000000000000e+05 2.000000000000000000e+00
2.492000000000000000e+05 2.000000000000000000e+00
2.500000000000000000e+05 2.000000000000000000e+00
2.508000000000000000e+05 0.000000000000000000e+00
2.516000000000000000e+05 1.000000000000000000e+00
2.524000000000000000e+05 5.000000000000000000e+00
2.532000000000000000e+05 2.000000000000000000e+00
2.540000000000000000e+05 2.000000000000000000e+00
2.548000000000000000e+05 1.000000000000000000e+00
2.556000000000000000e+05 2.000000000000000000e+00
2.564000000000000000e+05 0.000000000000000000e+00
2.572000000000000000e+05 2.000000000000000000e+00
2.580000000000000000e+05 3.000000000000000000e+00
2.588000000000000000e+05 0.000000000000000000e+00
2.596000000000000000e+05 2.000000000000000000e+00
2.604000000000000000e+05 2.000000000000000000e+00
2.612000000000000000e+05 1.000000000000000000e+00
2.620000000000000000e+05 2.000000000000000000e+00
2.628000000000000000e+05 2.000000000000000000e+00
2.636000000000000000e+05 1.000000000000000000e+00
2.644000000000000000e+05 1.000000000000000000e+00
2.652000000000000000e+05 2.000000000000000000e+00
2.660000000000000000e+05 3.000000000000000000e+00
2.668000000000000000e+05 0.000000000000000000e+00
2.676000000000000000e+05 3.000000000000000000e+00
2.684000000000000000e+05 0.000000000000000000e+00
2.692000000000000000e+05 3.000000000000000000e+00
2.700000000000000000e+05 4.000000000000000000e+00
2.708000000000000000e+05 1.000000000000000000e+00
2.716000000000000000e+05 1.000000000000000000e+00
2.724000000000000000e+05 1.000000000000000000e+00
2.732000000000000000e+05 0.000000000000000000e+00
2.740000000000000000e+05 2.000000000000000000e+00
2.748000000000000000e+05 2.000000000000000000e+00
2.756000000000000000e+05 2.000000000000000000e+00
2.764000000000000000e+05 2.000000000000000000e+00
2.772000000000000000e+05 0.000000000000000000e+00
2.780000000000000000e+05 1.000000000000000000e+00
2.788000000000000000e+05 1.000000000000000000e+00
2.796000000000000000e+05 0.000000000000000000e+00
2.804000000000000000e+05 1.000000000000000000e+00
2.812000000000000000e+05 0.000000000000000000e+00
2.820000000000000000e+05 1.000000000000000000e+00
2.828000000000000000e+05 3.000000000000000000e+00
2.836000000000000000e+05 1.000000000000000000e+00
2.844000000000000000e+05 2.000000000000000000e+00
2.852000000000000000e+05 3.000000000000000000e+00
2.860000000000000000e+05 1.000000000000000000e+00
2.868000000000000000e+05 0.000000000000000000e+00
2.876000000000000000e+05 0.000000000000000000e+00
2.884000000000000000e+05 2.000000000000000000e+00
2.892000000000000000e+05 2.000000000000000000e+00
2.900000000000000000e+05 1.000000000000000000e+00
2.908000000000000000e+05 3.000000000000000000e+00
2.916000000000000000e+05 1.000000000000000000e+00
2.924000000000000000e+05 4.000000000000000000e+00
2.932000000000000000e+05 1.000000000000000000e+00
2.940000000000000000e+05 1.000000000000000000e+00
2.948000000000000000e+05 5.000000000000000000e+00
2.956000000000000000e+05 2.000000000000000000e+00
2.964000000000000000e+05 2.000000000000000000e+00
2.972000000000000000e+05 2.000000000000000000e+00
2.980000000000000000e+05 0.000000000000000000e+00
2.988000000000000000e+05 2.000000000000000000e+00
2.996000000000000000e+05 1.000000000000000000e+00
3.004000000000000000e+05 1.000000000000000000e+00
3.012000000000000000e+05 0.000000000000000000e+00
3.020000000000000000e+05 2.000000000000000000e+00
3.028000000000000000e+05 1.000000000000000000e+00
3.036000000000000000e+05 2.000000000000000000e+00
3.044000000000000000e+05 3.000000000000000000e+00
3.052000000000000000e+05 5.000000000000000000e+00
3.060000000000000000e+05 3.000000000000000000e+00
3.068000000000000000e+05 0.000000000000000000e+00
3.076000000000000000e+05 0.000000000000000000e+00
3.084000000000000000e+05 2.000000000000000000e+00
3.092000000000000000e+05 2.000000000000000000e+00
3.100000000000000000e+05 2.000000000000000000e+00
3.108000000000000000e+05 3.000000000000000000e+00
3.116000000000000000e+05 1.000000000000000000e+00
3.124000000000000000e+05 0.000000000000000000e+00
3.132000000000000000e+05 0.000000000000000000e+00
3.140000000000000000e+05 3.000000000000000000e+00
3.148000000000000000e+05 0.000000000000000000e+00
3.156000000000000000e+05 4.000000000000000000e+00
3.164000000000000000e+05 1.000000000000000000e+00
3.172000000000000000e+05 3.000000000000000000e+00
3.180000000000000000e+05 0.000000000000000000e+00
3.188000000000000000e+05 4.000000000000000000e+00
3.196000000000000000e+05 2.000000000000000000e+00
3.204000000000000000e+05 1.000000000000000000e+00
3.212000000000000000e+05 2.000000000000000000e+00
3.220000000000000000e+05 3.000000000000000000e+00
3.228000000000000000e+05 0.000000000000000000e+00
3.236000000000000000e+05 1.000000000000000000e+00
3.244000000000000000e+05 1.000000000000000000e+00
3.252000000000000000e+05 3.000000000000000000e+00
3.260000000000000000e+05 3.000000000000000000e+00
3.268000000000000000e+05 2.000000000000000000e+00
3.276000000000000000e+05 2.000000000000000000e+00
3.284000000000000000e+05 2.000000000000000000e+00
3.292000000000000000e+05 2.000000000000000000e+00
3.300000000000000000e+05 1.000000000000000000e+00
3.308000000000000000e+05 0.000000000000000000e+00
3.316000000000000000e+05 1.000000000000000000e+00
3.324000000000000000e+05 1.000000000000000000e+00
3.332000000000000000e+05 1.000000000000000000e+00
3.340000000000000000e+05 2.000000000000000000e+00
3.348000000000000000e+05 1.000000000000000000e+00
3.356000000000000000e+05 2.000000000000000000e+00
3.364000000000000000e+05 4.000000000000000000e+00
3.372000000000000000e+05 1.000000000000000000e+00
3.380000000000000000e+05 1.000000000000000000e+00
3.388000000000000000e+05 1.000000000000000000e+00
3.396000000000000000e+05 1.000000000000000000e+00
3.404000000000000000e+05 1.000000000000000000e+00
3.412000000000000000e+05 2.000000000000000000e+00
3.420000000000000000e+05 2.000000000000000000e+00
3.428000000000000000e+05 2.000000000000000000e+00
3.436000000000000000e+05 2.000000000000000000e+00
3.444000000000000000e+05 1.000000000000000000e+00
3.452000000000000000e+05 1.000000000000000000e+00
3.460000000000000000e+05 1.000000000000000000e+00
3.468000000000000000e+05 3.000000000000000000e+00
3.476000000000000000e+05 2.000000000000000000e+00
3.484000000000000000e+05 0.000000000000000000e+00
3.492000000000000000e+05 0.000000000000000000e+00
3.500000000000000000e+05 0.000000000000000000e+00
3.508000000000000000e+05 1.000000000000000000e+00
3.516000000000000000e+05 1.000000000000000000e+00
3.524000000000000000e+05 3.000000000000000000e+00
3.532000000000000000e+05 1.000000000000000000e+00
3.540000000000000000e+05 2.000000000000000000e+00
3.548000000000000000e+05 2.000000000000000000e+00
3.556000000000000000e+05 2.000000000000000000e+00
3.564000000000000000e+05 2.000000000000000000e+00
3.572000000000000000e+05 2.000000000000000000e+00
3.580000000000000000e+05 6.000000000000000000e+00
3.588000000000000000e+05 3.000000000000000000e+00
3.596000000000000000e+05 2.000000000000000000e+00
3.604000000000000000e+05 1.000000000000000000e+00
3.612000000000000000e+05 0.000000000000000000e+00
3.620000000000000000e+05 1.000000000000000000e+00
3.628000000000000000e+05 2.000000000000000000e+00
3.636000000000000000e+05 1.000000000000000000e+00
3.644000000000000000e+05 0.000000000000000000e+00
3.652000000000000000e+05 0.000000000000000000e+00
3.660000000000000000e+05 2.000000000000000000e+00
3.668000000000000000e+05 0.000000000000000000e+00
3.676000000000000000e+05 2.000000000000000000e+00
3.684000000000000000e+05 0.000000000000000000e+00
3.692000000000000000e+05 0.000000000000000000e+00
3.700000000000000000e+05 2.000000000000000000e+00
3.708000000000000000e+05 2.000000000000000000e+00
3.716000000000000000e+05 1.000000000000000000e+00
3.724000000000000000e+05 6.000000000000000000e+00
3.732000000000000000e+05 1.000000000000000000e+00
3.740000000000000000e+05 0.000000000000000000e+00
3.748000000000000000e+05 0.000000000000000000e+00
3.756000000000000000e+05 2.000000000000000000e+00
3.764000000000000000e+05 3.000000000000000000e+00
3.772000000000000000e+05 1.000000000000000000e+00
3.780000000000000000e+05 0.000000000000000000e+00
3.788000000000000000e+05 0.000000000000000000e+00
3.796000000000000000e+05 1.000000000000000000e+00
3.804000000000000000e+05 0.000000000000000000e+00
3.812000000000000000e+05 1.000000000000000000e+00
3.820000000000000000e+05 2.000000000000000000e+00
3.828000000000000000e+05 1.000000000000000000e+00
3.836000000000000000e+05 2.000000000000000000e+00
3.844000000000000000e+05 2.000000000000000000e+00
3.852000000000000000e+05 3.000000000000000000e+00
3.860000000000000000e+05 0.000000000000000000e+00
3.868000000000000000e+05 1.000000000000000000e+00
3.876000000000000000e+05 1.000000000000000000e+00
3.884000000000000000e+05 0.000000000000000000e+00
3.892000000000000000e+05 4.000000000000000000e+00
3.900000000000000000e+05 3.000000000000000000e+00
3.908000000000000000e+05 3.000000000000000000e+00
3.916000000000000000e+05 1.000000000000000000e+00
3.924000000000000000e+05 3.000000000000000000e+00
3.932000000000000000e+05 2.000000000000000000e+00
3.940000000000000000e+05 0.000000000000000000e+00
3.948000000000000000e+05 2.000000000000000000e+00
3.956000000000000000e+05 0.000000000000000000e+00
3.964000000000000000e+05 2.000000000000000000e+00
3.972000000000000000e+05 3.000000000000000000e+00
3.980000000000000000e+05 2.000000000000000000e+00
3.988000000000000000e+05 0.000000000000000000e+00
3.996000000000000000e+05 1.000000000000000000e+00
4.004000000000000000e+05 2.000000000000000000e+00
4.012000000000000000e+05 1.000000000000000000e+00
4.020000000000000000e+05 0.000000000000000000e+00
4.028000000000000000e+05 2.000000000000000000e+00
4.036000000000000000e+05 1.000000000000000000e+00
4.044000000000000000e+05 0.000000000000000000e+00
4.052000000000000000e+05 1.000000000000000000e+00
4.060000000000000000e+05 0.000000000000000000e+00
4.068000000000000000e+05 1.000000000000000000e+00
4.076000000000000000e+05 0.000000000000000000e+00
4.084000000000000000e+05 0.000000000000000000e+00
4.092000000000000000e+05 3.000000000000000000e+00
4.100000000000000000e+05 1.000000000000000000e+00
4.108000000000000000e+05 2.000000000000000000e+00
4.116000000000000000e+05 0.000000000000000000e+00
4.124000000000000000e+05 2.000000000000000000e+00
4.132000000000000000e+05 2.000000000000000000e+00
4.140000000000000000e+05 1.000000000000000000e+00
4.148000000000000000e+05 0.000000000000000000e+00
4.156000000000000000e+05 2.000000000000000000e+00
4.164000000000000000e+05 3.000000000000000000e+00
4.172000000000000000e+05 2.000000000000000000e+00
4.180000000000000000e+05 2.000000000000000000e+00
4.188000000000000000e+05 1.000000000000000000e+00
4.196000000000000000e+05 1.000000000000000000e+00
4.204000000000000000e+05 0.000000000000000000e+00
4.212000000000000000e+05 1.000000000000000000e+00
4.220000000000000000e+05 0.000000000000000000e+00
4.228000000000000000e+05 1.000000000000000000e+00
4.236000000000000000e+05 0.000000000000000000e+00
4.244000000000000000e+05 1.000000000000000000e+00
4.252000000000000000e+05 4.000000000000000000e+00
4.260000000000000000e+05 3.000000000000000000e+00
4.268000000000000000e+05 1.000000000000000000e+00
4.276000000000000000e+05 1.000000000000000000e+00
4.284000000000000000e+05 2.000000000000000000e+00
4.292000000000000000e+05 1.000000000000000000e+00
4.300000000000000000e+05 2.000000000000000000e+00
4.308000000000000000e+05 2.000000000000000000e+00
4.316000000000000000e+05 0.000000000000000000e+00
4.324000000000000000e+05 0.000000000000000000e+00
4.332000000000000000e+05 3.000000000000000000e+00
4.340000000000000000e+05 1.000000000000000000e+00
4.348000000000000000e+05 1.000000000000000000e+00
4.356000000000000000e+05 2.000000000000000000e+00
4.364000000000000000e+05 1.000000000000000000e+00
4.372000000000000000e+05 1.000000000000000000e+00
4.380000000000000000e+05 1.000000000000000000e+00
4.388000000000000000e+05 1.000000000000000000e+00
4.396000000000000000e+05 3.000000000000000000e+00
4.404000000000000000e+05 2.000000000000000000e+00
4.412000000000000000e+05 0.000000000000000000e+00
4.420000000000000000e+05 3.000000000000000000e+00
4.428000000000000000e+05 3.000000000000000000e+00
4.436000000000000000e+05 5.000000000000000000e+00
4.444000000000000000e+05 3.000000000000000000e+00
4.452000000000000000e+05 2.000000000000000000e+00
4.460000000000000000e+05 1.000000000000000000e+00
4.468000000000000000e+05 0.000000000000000000e+00
4.476000000000000000e+05 2.000000000000000000e+00
4.484000000000000000e+05 1.000000000000000000e+00
4.492000000000000000e+05 1.000000000000000000e+00
4.500000000000000000e+05 3.000000000000000000e+00
4.508000000000000000e+05 0.000000000000000000e+00
4.516000000000000000e+05 3.000000000000000000e+00
4.524000000000000000e+05 1.000000000000000000e+00
4.532000000000000000e+05 1.000000000000000000e+00
4.540000000000000000e+05 0.000000000000000000e+00
4.548000000000000000e+05 1.000000000000000000e+00
4.556000000000000000e+05 0.000000000000000000e+00
4.564000000000000000e+05 3.000000000000000000e+00
4.572000000000000000e+05 0.000000000000000000e+00
4.580000000000000000e+05 1.000000000000000000e+00
4.588000000000000000e+05 0.000000000000000000e+00
4.596000000000000000e+05 2.000000000000000000e+00
4.604000000000000000e+05 1.000000000000000000e+00
4.612000000000000000e+05 1.000000000000000000e+00
4.620000000000000000e+05 0.000000000000000000e+00
4.628000000000000000e+05 2.000000000000000000e+00
4.636000000000000000e+05 3.000000000000000000e+00
4.644000000000000000e+05 0.000000000000000000e+00
4.652000000000000000e+05 1.000000000000000000e+00
4.660000000000000000e+05 2.000000000000000000e+00
4.668000000000000000e+05 2.000000000000000000e+00
4.676000000000000000e+05 2.000000000000000000e+00
4.684000000000000000e+05 3.000000000000000000e+00
4.692000000000000000e+05 4.000000000000000000e+00
4.700000000000000000e+05 0.000000000000000000e+00
4.708000000000000000e+05 4.000000000000000000e+00
4.716000000000000000e+05 1.000000000000000000e+00
4.724000000000000000e+05 2.000000000000000000e+00
4.732000000000000000e+05 2.000000000000000000e+00
4.740000000000000000e+05 3.000000000000000000e+00
4.748000000000000000e+05 3.000000000000000000e+00
4.756000000000000000e+05 2.000000000000000000e+00
4.764000000000000000e+05 1.000000000000000000e+00
4.772000000000000000e+05 0.000000000000000000e+00
4.780000000000000000e+05 2.000000000000000000e+00
4.788000000000000000e+05 0.000000000000000000e+00
4.796000000000000000e+05 1.000000000000000000e+00
4.804000000000000000e+05 0.000000000000000000e+00
4.812000000000000000e+05 1.000000000000000000e+00
4.820000000000000000e+05 1.000000000000000000e+00
4.828000000000000000e+05 0.000000000000000000e+00
4.836000000000000000e+05 0.000000000000000000e+00
4.844000000000000000e+05 3.000000000000000000e+00
4.852000000000000000e+05 0.000000000000000000e+00
4.860000000000000000e+05 2.000000000000000000e+00
4.868000000000000000e+05 3.000000000000000000e+00
4.876000000000000000e+05 4.000000000000000000e+00
4.884000000000000000e+05 0.000000000000000000e+00
4.892000000000000000e+05 1.000000000000000000e+00
4.900000000000000000e+05 3.000000000000000000e+00
4.908000000000000000e+05 2.000000000000000000e+00
4.916000000000000000e+05 2.000000000000000000e+00
4.924000000000000000e+05 1.000000000000000000e+00
4.932000000000000000e+05 3.000000000000000000e+00
4.940000000000000000e+05 1.000000000000000000e+00
4.948000000000000000e+05 0.000000000000000000e+00
4.956000000000000000e+05 1.000000000000000000e+00
4.964000000000000000e+05 2.000000000000000000e+00
4.972000000000000000e+05 1.000000000000000000e+00
4.980000000000000000e+05 1.000000000000000000e+00
4.988000000000000000e+05 0.000000000000000000e+00
4.996000000000000000e+05 2.000000000000000000e+00
5.004000000000000000e+05 1.000000000000000000e+00
5.012000000000000000e+05 6.000000000000000000e+00
5.020000000000000000e+05 1.000000000000000000e+00
5.028000000000000000e+05 1.000000000000000000e+00
5.036000000000000000e+05 0.000000000000000000e+00
5.044000000000000000e+05 2.000000000000000000e+00
5.052000000000000000e+05 1.000000000000000000e+00
5.060000000000000000e+05 0.000000000000000000e+00
5.068000000000000000e+05 0.000000000000000000e+00
5.076000000000000000e+05 1.000000000000000000e+00
5.084000000000000000e+05 1.000000000000000000e+00
5.092000000000000000e+05 2.000000000000000000e+00
5.100000000000000000e+05 1.000000000000000000e+00
5.108000000000000000e+05 3.000000000000000000e+00
5.116000000000000000e+05 3.000000000000000000e+00
5.124000000000000000e+05 2.000000000000000000e+00
5.132000000000000000e+05 1.000000000000000000e+00
5.140000000000000000e+05 1.000000000000000000e+00
5.148000000000000000e+05 2.000000000000000000e+00
5.156000000000000000e+05 3.000000000000000000e+00
5.164000000000000000e+05 1.000000000000000000e+00
5.172000000000000000e+05 1.000000000000000000e+00
5.180000000000000000e+05 2.000000000000000000e+00
5.188000000000000000e+05 0.000000000000000000e+00
5.196000000000000000e+05 2.000000000000000000e+00
5.204000000000000000e+05 1.000000000000000000e+00
5.212000000000000000e+05 3.000000000000000000e+00
5.220000000000000000e+05 0.000000000000000000e+00
5.228000000000000000e+05 0.000000000000000000e+00
5.236000000000000000e+05 0.000000000000000000e+00
5.244000000000000000e+05 2.000000000000000000e+00
5.252000000000000000e+05 1.000000000000000000e+00
5.260000000000000000e+05 2.000000000000000000e+00
5.268000000000000000e+05 1.000000000000000000e+00
5.276000000000000000e+05 1.000000000000000000e+00
5.284000000000000000e+05 0.000000000000000000e+00
5.292000000000000000e+05 0.000000000000000000e+00
5.300000000000000000e+05 2.000000000000000000e+00
5.308000000000000000e+05 5.000000000000000000e+00
5.316000000000000000e+05 0.000000000000000000e+00
5.324000000000000000e+05 0.000000000000000000e+00
5.332000000000000000e+05 1.000000000000000000e+00
5.340000000000000000e+05 0.000000000000000000e+00
5.348000000000000000e+05 1.000000000000000000e+00
5.356000000000000000e+05 0.000000000000000000e+00
5.364000000000000000e+05 0.000000000000000000e+00
5.372000000000000000e+05 0.000000000000000000e+00
5.380000000000000000e+05 0.000000000000000000e+00
5.388000000000000000e+05 1.000000000000000000e+00
5.396000000000000000e+05 1.000000000000000000e+00
5.404000000000000000e+05 2.000000000000000000e+00
5.412000000000000000e+05 0.000000000000000000e+00
5.420000000000000000e+05 1.000000000000000000e+00
5.428000000000000000e+05 1.000000000000000000e+00
5.436000000000000000e+05 2.000000000000000000e+00
5.444000000000000000e+05 2.000000000000000000e+00
5.452000000000000000e+05 1.000000000000000000e+00
5.460000000000000000e+05 1.000000000000000000e+00
5.468000000000000000e+05 0.000000000000000000e+00
5.476000000000000000e+05 0.000000000000000000e+00
5.484000000000000000e+05 1.000000000000000000e+00
5.492000000000000000e+05 1.000000000000000000e+00
5.500000000000000000e+05 1.000000000000000000e+00
5.508000000000000000e+05 1.000000000000000000e+00
5.516000000000000000e+05 2.000000000000000000e+00
5.524000000000000000e+05 1.000000000000000000e+00
5.532000000000000000e+05 2.000000000000000000e+00
5.540000000000000000e+05 1.000000000000000000e+00
5.548000000000000000e+05 1.000000000000000000e+00
5.556000000000000000e+05 0.000000000000000000e+00
5.564000000000000000e+05 2.000000000000000000e+00
5.572000000000000000e+05 0.000000000000000000e+00
5.580000000000000000e+05 1.000000000000000000e+00
5.588000000000000000e+05 0.000000000000000000e+00
5.596000000000000000e+05 2.000000000000000000e+00
5.604000000000000000e+05 2.000000000000000000e+00
5.612000000000000000e+05 2.000000000000000000e+00
5.620000000000000000e+05 1.000000000000000000e+00
5.628000000000000000e+05 1.000000000000000000e+00
5.636000000000000000e+05 0.000000000000000000e+00
5.644000000000000000e+05 1.000000000000000000e+00
5.652000000000000000e+05 1.000000000000000000e+00
5.660000000000000000e+05 0.000000000000000000e+00
5.668000000000000000e+05 3.000000000000000000e+00
5.676000000000000000e+05 0.000000000000000000e+00
5.684000000000000000e+05 0.000000000000000000e+00
5.692000000000000000e+05 3.000000000000000000e+00
5.700000000000000000e+05 0.000000000000000000e+00
5.708000000000000000e+05 0.000000000000000000e+00
5.716000000000000000e+05 0.000000000000000000e+00
5.724000000000000000e+05 1.000000000000000000e+00
5.732000000000000000e+05 0.000000000000000000e+00
5.740000000000000000e+05 3.000000000000000000e+00
5.748000000000000000e+05 0.000000000000000000e+00
5.756000000000000000e+05 0.000000000000000000e+00
5.764000000000000000e+05 1.000000000000000000e+00
5.772000000000000000e+05 0.000000000000000000e+00
5.780000000000000000e+05 1.000000000000000000e+00
5.788000000000000000e+05 0.000000000000000000e+00
5.796000000000000000e+05 1.000000000000000000e+00
5.804000000000000000e+05 0.000000000000000000e+00
5.812000000000000000e+05 1.000000000000000000e+00
5.820000000000000000e+05 1.000000000000000000e+00
5.828000000000000000e+05 0.000000000000000000e+00
5.836000000000000000e+05 0.000000000000000000e+00
5.844000000000000000e+05 0.000000000000000000e+00
5.852000000000000000e+05 2.000000000000000000e+00
5.860000000000000000e+05 0.000000000000000000e+00
5.868000000000000000e+05 0.000000000000000000e+00
5.876000000000000000e+05 0.000000000000000000e+00
5.884000000000000000e+05 2.000000000000000000e+00
5.892000000000000000e+05 0.000000000000000000e+00
5.900000000000000000e+05 0.000000000000000000e+00
5.908000000000000000e+05 3.000000000000000000e+00
5.916000000000000000e+05 0.000000000000000000e+00
5.924000000000000000e+05 1.000000000000000000e+00
5.932000000000000000e+05 0.000000000000000000e+00
5.940000000000000000e+05 0.000000000000000000e+00
5.948000000000000000e+05 0.000000000000000000e+00
5.956000000000000000e+05 0.000000000000000000e+00
5.964000000000000000e+05 0.000000000000000000e+00
5.972000000000000000e+05 0.000000000000000000e+00
5.980000000000000000e+05 0.000000000000000000e+00
5.988000000000000000e+05 0.000000000000000000e+00
5.996000000000000000e+05 0.000000000000000000e+00
6.004000000000000000e+05 0.000000000000000000e+00
6.012000000000000000e+05 0.000000000000000000e+00
6.020000000000000000e+05 0.000000000000000000e+00
6.028000000000000000e+05 1.000000000000000000e+00
6.036000000000000000e+05 0.000000000000000000e+00
6.044000000000000000e+05 0.000000000000000000e+00
6.052000000000000000e+05 0.000000000000000000e+00
6.060000000000000000e+05 1.000000000000000000e+00
6.068000000000000000e+05 0.000000000000000000e+00
6.076000000000000000e+05 0.000000000000000000e+00
6.084000000000000000e+05 0.000000000000000000e+00
6.092000000000000000e+05 1.000000000000000000e+00
6.100000000000000000e+05 1.000000000000000000e+00
6.108000000000000000e+05 1.000000000000000000e+00
6.116000000000000000e+05 1.000000000000000000e+00
6.124000000000000000e+05 1.000000000000000000e+00
6.132000000000000000e+05 1.000000000000000000e+00
6.140000000000000000e+05 0.000000000000000000e+00
6.148000000000000000e+05 0.000000000000000000e+00
6.156000000000000000e+05 0.000000000000000000e+00
6.164000000000000000e+05 1.000000000000000000e+00
6.172000000000000000e+05 0.000000000000000000e+00
6.180000000000000000e+05 0.000000000000000000e+00
6.188000000000000000e+05 1.000000000000000000e+00
6.196000000000000000e+05 1.000000000000000000e+00
6.204000000000000000e+05 2.000000000000000000e+00
6.212000000000000000e+05 0.000000000000000000e+00
6.220000000000000000e+05 0.000000000000000000e+00
6.228000000000000000e+05 1.000000000000000000e+00
6.236000000000000000e+05 0.000000000000000000e+00
6.244000000000000000e+05 0.000000000000000000e+00
6.252000000000000000e+05 0.000000000000000000e+00
6.260000000000000000e+05 1.000000000000000000e+00
6.268000000000000000e+05 1.000000000000000000e+00
6.276000000000000000e+05 0.000000000000000000e+00
6.284000000000000000e+05 1.000000000000000000e+00
6.292000000000000000e+05 0.000000000000000000e+00
6.300000000000000000e+05 2.000000000000000000e+00
6.308000000000000000e+05 0.000000000000000000e+00
6.316000000000000000e+05 0.000000000000000000e+00
6.324000000000000000e+05 0.000000000000000000e+00
6.332000000000000000e+05 1.000000000000000000e+00
6.340000000000000000e+05 0.000000000000000000e+00
6.348000000000000000e+05 1.000000000000000000e+00
6.356000000000000000e+05 0.000000000000000000e+00
6.364000000000000000e+05 0.000000000000000000e+00
6.372000000000000000e+05 0.000000000000000000e+00
6.380000000000000000e+05 0.000000000000000000e+00
6.388000000000000000e+05 0.000000000000000000e+00
6.396000000000000000e+05 0.000000000000000000e+00
6.404000000000000000e+05 0.000000000000000000e+00
6.412000000000000000e+05 0.000000000000000000e+00
6.420000000000000000e+05 0.000000000000000000e+00
6.428000000000000000e+05 1.000000000000000000e+00
6.436000000000000000e+05 0.000000000000000000e+00
6.444000000000000000e+05 0.000000000000000000e+00
6.452000000000000000e+05 0.000000000000000000e+00
6.460000000000000000e+05 0.000000000000000000e+00
6.468000000000000000e+05 2.000000000000000000e+00
6.476000000000000000e+05 1.000000000000000000e+00
6.484000000000000000e+05 0.000000000000000000e+00
6.492000000000000000e+05 1.000000000000000000e+00
6.500000000000000000e+05 0.000000000000000000e+00
6.508000000000000000e+05 0.000000000000000000e+00
6.516000000000000000e+05 0.000000000000000000e+00
6.524000000000000000e+05 3.000000000000000000e+00
6.532000000000000000e+05 0.000000000000000000e+00
6.540000000000000000e+05 0.000000000000000000e+00
6.548000000000000000e+05 0.000000000000000000e+00
6.556000000000000000e+05 0.000000000000000000e+00
6.564000000000000000e+05 0.000000000000000000e+00
6.572000000000000000e+05 1.000000000000000000e+00
6.580000000000000000e+05 0.000000000000000000e+00
6.588000000000000000e+05 0.000000000000000000e+00
6.596000000000000000e+05 0.000000000000000000e+00
6.604000000000000000e+05 0.000000000000000000e+00
6.612000000000000000e+05 0.000000000000000000e+00
6.620000000000000000e+05 1.000000000000000000e+00
6.628000000000000000e+05 0.000000000000000000e+00
6.636000000000000000e+05 0.000000000000000000e+00
6.644000000000000000e+05 0.000000000000000000e+00
6.652000000000000000e+05 0.000000000000000000e+00
6.660000000000000000e+05 0.000000000000000000e+00
6.668000000000000000e+05 0.000000000000000000e+00
6.676000000000000000e+05 0.000000000000000000e+00
6.684000000000000000e+05 1.000000000000000000e+00
6.692000000000000000e+05 0.000000000000000000e+00
6.700000000000000000e+05 0.000000000000000000e+00
6.708000000000000000e+05 0.000000000000000000e+00
6.716000000000000000e+05 0.000000000000000000e+00
6.724000000000000000e+05 0.000000000000000000e+00
6.732000000000000000e+05 0.000000000000000000e+00
6.740000000000000000e+05 1.000000000000000000e+00
6.748000000000000000e+05 1.000000000000000000e+00
6.756000000000000000e+05 0.000000000000000000e+00
6.764000000000000000e+05 1.000000000000000000e+00
6.772000000000000000e+05 0.000000000000000000e+00
6.780000000000000000e+05 0.000000000000000000e+00
6.788000000000000000e+05 0.000000000000000000e+00
6.796000000000000000e+05 0.000000000000000000e+00
6.804000000000000000e+05 0.000000000000000000e+00
6.812000000000000000e+05 0.000000000000000000e+00
6.820000000000000000e+05 0.000000000000000000e+00
6.828000000000000000e+05 0.000000000000000000e+00
6.836000000000000000e+05 0.000000000000000000e+00
6.844000000000000000e+05 0.000000000000000000e+00
6.852000000000000000e+05 0.000000000000000000e+00
6.860000000000000000e+05 0.000000000000000000e+00
6.868000000000000000e+05 0.000000000000000000e+00
6.876000000000000000e+05 0.000000000000000000e+00
6.884000000000000000e+05 0.000000000000000000e+00
6.892000000000000000e+05 0.000000000000000000e+00
6.900000000000000000e+05 0.000000000000000000e+00
6.908000000000000000e+05 0.000000000000000000e+00
6.916000000000000000e+05 0.000000000000000000e+00
6.924000000000000000e+05 0.000000000000000000e+00
6.932000000000000000e+05 0.000000000000000000e+00
6.940000000000000000e+05 0.000000000000000000e+00
6.948000000000000000e+05 0.000000000000000000e+00
6.956000000000000000e+05 0.000000000000000000e+00
6.964000000000000000e+05 0.000000000000000000e+00
6.972000000000000000e+05 0.000000000000000000e+00
6.980000000000000000e+05 0.000000000000000000e+00
6.988000000000000000e+05 0.000000000000000000e+00
6.996000000000000000e+05 0.000000000000000000e+00
7.004000000000000000e+05 0.000000000000000000e+00
7.012000000000000000e+05 0.000000000000000000e+00
7.020000000000000000e+05 0.000000000000000000e+00
7.028000000000000000e+05 0.000000000000000000e+00
7.036000000000000000e+05 0.000000000000000000e+00
7.044000000000000000e+05 0.000000000000000000e+00
7.052000000000000000e+05 0.000000000000000000e+00
7.060000000000000000e+05 0.000000000000000000e+00
7.068000000000000000e+05 0.000000000000000000e+00
7.076000000000000000e+05 0.000000000000000000e+00
7.084000000000000000e+05 0.000000000000000000e+00
7.092000000000000000e+05 0.000000000000000000e+00
7.100000000000000000e+05 0.000000000000000000e+00
7.108000000000000000e+05 0.000000000000000000e+00
7.116000000000000000e+05 0.000000000000000000e+00
7.124000000000000000e+05 0.000000000000000000e+00
7.132000000000000000e+05 0.000000000000000000e+00
7.140000000000000000e+05 0.000000000000000000e+00
7.148000000000000000e+05 0.000000000000000000e+00
7.156000000000000000e+05 0.000000000000000000e+00
7.164000000000000000e+05 0.000000000000000000e+00
7.172000000000000000e+05 0.000000000000000000e+00
7.180000000000000000e+05 0.000000000000000000e+00
7.188000000000000000e+05 0.000000000000000000e+00
7.196000000000000000e+05 0.000000000000000000e+00
7.204000000000000000e+05 0.000000000000000000e+00
7.212000000000000000e+05 0.000000000000000000e+00
7.220000000000000000e+05 0.000000000000000000e+00
7.228000000000000000e+05 0.000000000000000000e+00
7.236000000000000000e+05 0.000000000000000000e+00
7.244000000000000000e+05 0.000000000000000000e+00
7.252000000000000000e+05 0.000000000000000000e+00
7.260000000000000000e+05 0.000000000000000000e+00
7.268000000000000000e+05 0.000000000000000000e+00
7.276000000000000000e+05 0.000000000000000000e+00
7.284000000000000000e+05 0.000000000000000000e+00
7.292000000000000000e+05 0.000000000000000000e+00
7.300000000000000000e+05 0.000000000000000000e+00
7.308000000000000000e+05 0.000000000000000000e+00
7.316000000000000000e+05 0.000000000000000000e+00
7.324000000000000000e+05 0.000000000000000000e+00
7.332000000000000000e+05 0.000000000000000000e+00
7.340000000000000000e+05 0.000000000000000000e+00
7.348000000000000000e+05 0.000000000000000000e+00
7.356000000000000000e+05 0.000000000000000000e+00
7.364000000000000000e+05 0.000000000000000000e+00
7.372000000000000000e+05 0.000000000000000000e+00
7.380000000000000000e+05 0.000000000000000000e+00
7.388000000000000000e+05 0.000000000000000000e+00
7.396000000000000000e+05 0.000000000000000000e+00
7.404000000000000000e+05 0.000000000000000000e+00
7.412000000000000000e+05 0.000000000000000000e+00
7.420000000000000000e+05 0.000000000000000000e+00
7.428000000000000000e+05 0.000000000000000000e+00
7.436000000000000000e+05 0.000000000000000000e+00
7.444000000000000000e+05 0.000000000000000000e+00
7.452000000000000000e+05 0.000000000000000000e+00
7.460000000000000000e+05 0.000000000000000000e+00
7.468000000000000000e+05 0.000000000000000000e+00
7.476000000000000000e+05 0.000000000000000000e+00
7.484000000000000000e+05 0.000000000000000000e+00
7.492000000000000000e+05 0.000000000000000000e+00
7.500000000000000000e+05 0.000000000000000000e+00
7.508000000000000000e+05 0.000000000000000000e+00
7.516000000000000000e+05 0.000000000000000000e+00
7.524000000000000000e+05 0.000000000000000000e+00
7.532000000000000000e+05 0.000000000000000000e+00
7.540000000000000000e+05 0.000000000000000000e+00
7.548000000000000000e+05 0.000000000000000000e+00
7.556000000000000000e+05 0.000000000000000000e+00
7.564000000000000000e+05 0.000000000000000000e+00
7.572000000000000000e+05 0.000000000000000000e+00
7.580000000000000000e+05 0.000000000000000000e+00
7.588000000000000000e+05 0.000000000000000000e+00
7.596000000000000000e+05 0.000000000000000000e+00
7.604000000000000000e+05 0.000000000000000000e+00
7.612000000000000000e+05 0.000000000000000000e+00
7.620000000000000000e+05 0.000000000000000000e+00
7.628000000000000000e+05 0.000000000000000000e+00
7.636000000000000000e+05 0.000000000000000000e+00
7.644000000000000000e+05 0.000000000000000000e+00
7.652000000000000000e+05 0.000000000000000000e+00
7.660000000000000000e+05 0.000000000000000000e+00
7.668000000000000000e+05 0.000000000000000000e+00
7.676000000000000000e+05 0.000000000000000000e+00
7.684000000000000000e+05 0.000000000000000000e+00
7.692000000000000000e+05 0.000000000000000000e+00
7.700000000000000000e+05 0.000000000000000000e+00
7.708000000000000000e+05 0.000000000000000000e+00
7.716000000000000000e+05 0.000000000000000000e+00
7.724000000000000000e+05 0.000000000000000000e+00
7.732000000000000000e+05 0.000000000000000000e+00
7.740000000000000000e+05 0.000000000000000000e+00
7.748000000000000000e+05 0.000000000000000000e+00
7.756000000000000000e+05 0.000000000000000000e+00
7.764000000000000000e+05 0.000000000000000000e+00
7.772000000000000000e+05 0.000000000000000000e+00
7.780000000000000000e+05 0.000000000000000000e+00
7.788000000000000000e+05 0.000000000000000000e+00
7.796000000000000000e+05 0.000000000000000000e+00
7.804000000000000000e+05 0.000000000000000000e+00
7.812000000000000000e+05 0.000000000000000000e+00
7.820000000000000000e+05 0.000000000000000000e+00
7.828000000000000000e+05 0.000000000000000000e+00
7.836000000000000000e+05 0.000000000000000000e+00
7.844000000000000000e+05 0.000000000000000000e+00
7.852000000000000000e+05 0.000000000000000000e+00
7.860000000000000000e+05 0.000000000000000000e+00
7.868000000000000000e+05 0.000000000000000000e+00
7.876000000000000000e+05 0.000000000000000000e+00
7.884000000000000000e+05 0.000000000000000000e+00
7.892000000000000000e+05 0.000000000000000000e+00
7.900000000000000000e+05 0.000000000000000000e+00
7.908000000000000000e+05 0.000000000000000000e+00
7.916000000000000000e+05 0.000000000000000000e+00
7.924000000000000000e+05 0.000000000000000000e+00
7.932000000000000000e+05 0.000000000000000000e+00
7.940000000000000000e+05 0.000000000000000000e+00
7.948000000000000000e+05 0.000000000000000000e+00
7.956000000000000000e+05 0.000000000000000000e+00
7.964000000000000000e+05 0.000000000000000000e+00
7.972000000000000000e+05 0.000000000000000000e+00
7.980000000000000000e+05 0.000000000000000000e+00
7.988000000000000000e+05 0.000000000000000000e+00
7.996000000000000000e+05 0.000000000000000000e+00
8.004000000000000000e+05 0.000000000000000000e+00
8.012000000000000000e+05 0.000000000000000000e+00
8.020000000000000000e+05 0.000000000000000000e+00
8.028000000000000000e+05 0.000000000000000000e+00
8.036000000000000000e+05 0.000000000000000000e+00
8.044000000000000000e+05 0.000000000000000000e+00
8.052000000000000000e+05 0.000000000000000000e+00
8.060000000000000000e+05 0.000000000000000000e+00
8.068000000000000000e+05 0.000000000000000000e+00
8.076000000000000000e+05 0.000000000000000000e+00
8.084000000000000000e+05 0.000000000000000000e+00
8.092000000000000000e+05 0.000000000000000000e+00
8.100000000000000000e+05 0.000000000000000000e+00
8.108000000000000000e+05 0.000000000000000000e+00
8.116000000000000000e+05 0.000000000000000000e+00
8.124000000000000000e+05 0.000000000000000000e+00
8.132000000000000000e+05 0.000000000000000000e+00
8.140000000000000000e+05 0.000000000000000000e+00
8.148000000000000000e+05 0.000000000000000000e+00
8.156000000000000000e+05 0.000000000000000000e+00
8.164000000000000000e+05 0.000000000000000000e+00
8.172000000000000000e+05 0.000000000000000000e+00
8.180000000000000000e+05 0.000000000000000000e+00
8.188000000000000000e+05 0.000000000000000000e+00
8.196000000000000000e+05 0.000000000000000000e+00
8.204000000000000000e+05 0.000000000000000000e+00
8.212000000000000000e+05 0.000000000000000000e+00
8.220000000000000000e+05 0.000000000000000000e+00
8.228000000000000000e+05 0.000000000000000000e+00
8.236000000000000000e+05 0.000000000000000000e+00
8.244000000000000000e+05 0.000000000000000000e+00
8.252000000000000000e+05 0.000000000000000000e+00
8.260000000000000000e+05 0.000000000000000000e+00
8.268000000000000000e+05 0.000000000000000000e+00
8.276000000000000000e+05 0.000000000000000000e+00
8.284000000000000000e+05 0.000000000000000000e+00
8.292000000000000000e+05 0.000000000000000000e+00
8.300000000000000000e+05 0.000000000000000000e+00
8.308000000000000000e+05 0.000000000000000000e+00
8.316000000000000000e+05 0.000000000000000000e+00
8.324000000000000000e+05 0.000000000000000000e+00
8.332000000000000000e+05 0.000000000000000000e+00
8.340000000000000000e+05 0.000000000000000000e+00
8.348000000000000000e+05 0.000000000000000000e+00
8.356000000000000000e+05 0.000000000000000000e+00
8.364000000000000000e+05 0.000000000000000000e+00
8.372000000000000000e+05 0.000000000000000000e+00
8.380000000000000000e+05 0.000000000000000000e+00
8.388000000000000000e+05 0.000000000000000000e+00
8.396000000000000000e+05 0.000000000000000000e+00
8.404000000000000000e+05 0.000000000000000000e+00
8.412000000000000000e+05 0.000000000000000000e+00
8.420000000000000000e+05 0.000000000000000000e+00
8.428000000000000000e+05 0.000000000000000000e+00
8.436000000000000000e+05 0.000000000000000000e+00
8.444000000000000000e+05 0.000000000000000000e+00
8.452000000000000000e+05 0.000000000000000000e+00
8.460000000000000000e+05 0.000000000000000000e+00
8.468000000000000000e+05 0.000000000000000000e+00
8.476000000000000000e+05 0.000000000000000000e+00
8.484000000000000000e+05 0.000000000000000000e+00
8.492000000000000000e+05 0.000000000000000000e+00
8.500000000000000000e+05 0.000000000000000000e+00
8.508000000000000000e+05 0.000000000000000000e+00
8.516000000000000000e+05 0.000000000000000000e+00
8.524000000000000000e+05 0.000000000000000000e+00
8.532000000000000000e+05 0.000000000000000000e+00
8.540000000000000000e+05 0.000000000000000000e+00
8.548000000000000000e+05 0.000000000000000000e+00
8.556000000000000000e+05 0.000000000000000000e+00
8.564000000000000000e+05 0.000000000000000000e+00
8.572000000000000000e+05 0.000000000000000000e+00
8.580000000000000000e+05 0.000000000000000000e+00
8.588000000000000000e+05 0.000000000000000000e+00
8.596000000000000000e+05 0.000000000000000000e+00
8.604000000000000000e+05 0.000000000000000000e+00
8.612000000000000000e+05 0.000000000000000000e+00
8.620000000000000000e+05 0.000000000000000000e+00
8.628000000000000000e+05 0.000000000000000000e+00
8.636000000000000000e+05 0.000000000000000000e+00
8.644000000000000000e+05 0.000000000000000000e+00
8.652000000000000000e+05 0.000000000000000000e+00
8.660000000000000000e+05 0.000000000000000000e+00
8.668000000000000000e+05 0.000000000000000000e+00
8.676000000000000000e+05 0.000000000000000000e+00
8.684000000000000000e+05 0.000000000000000000e+00
8.692000000000000000e+05 0.000000000000000000e+00
8.700000000000000000e+05 0.000000000000000000e+00
8.708000000000000000e+05 0.000000000000000000e+00
8.716000000000000000e+05 0.000000000000000000e+00
8.724000000000000000e+05 0.000000000000000000e+00
8.732000000000000000e+05 0.000000000000000000e+00
8.740000000000000000e+05 0.000000000000000000e+00
8.748000000000000000e+05 0.000000000000000000e+00
8.756000000000000000e+05 0.000000000000000000e+00
8.764000000000000000e+05 0.000000000000000000e+00
8.772000000000000000e+05 0.000000000000000000e+00
8.780000000000000000e+05 0.000000000000000000e+00
8.788000000000000000e+05 0.000000000000000000e+00
8.796000000000000000e+05 0.000000000000000000e+00
8.804000000000000000e+05 0.000000000000000000e+00
8.812000000000000000e+05 0.000000000000000000e+00
8.820000000000000000e+05 0.000000000000000000e+00
8.828000000000000000e+05 0.000000000000000000e+00
8.836000000000000000e+05 0.000000000000000000e+00
8.844000000000000000e+05 0.000000000000000000e+00
8.852000000000000000e+05 0.000000000000000000e+00
8.860000000000000000e+05 0.000000000000000000e+00
8.868000000000000000e+05 0.000000000000000000e+00
8.876000000000000000e+05 0.000000000000000000e+00
8.884000000000000000e+05 0.000000000000000000e+00
8.892000000000000000e+05 0.000000000000000000e+00
8.900000000000000000e+05 0.000000000000000000e+00
8.908000000000000000e+05 0.000000000000000000e+00
8.916000000000000000e+05 0.000000000000000000e+00
8.924000000000000000e+05 0.000000000000000000e+00
8.932000000000000000e+05 0.000000000000000000e+00
8.940000000000000000e+05 0.000000000000000000e+00
8.948000000000000000e+05 0.000000000000000000e+00
8.956000000000000000e+05 0.000000000000000000e+00
8.964000000000000000e+05 0.000000000000000000e+00
8.972000000000000000e+05 0.000000000000000000e+00
8.980000000000000000e+05 0.000000000000000000e+00
8.988000000000000000e+05 0.000000000000000000e+00
8.996000000000000000e+05 0.000000000000000000e+00
9.004000000000000000e+05 0.000000000000000000e+00
9.012000000000000000e+05 0.000000000000000000e+00
9.020000000000000000e+05 0.000000000000000000e+00
9.028000000000000000e+05 0.000000000000000000e+00
9.036000000000000000e+05 0.000000000000000000e+00
9.044000000000000000e+05 0.000000000000000000e+00
9.052000000000000000e+05 0.000000000000000000e+00
9.060000000000000000e+05 0.000000000000000000e+00
9.068000000000000000e+05 0.000000000000000000e+00
9.076000000000000000e+05 0.000000000000000000e+00
9.084000000000000000e+05 0.000000000000000000e+00
9.092000000000000000e+05 0.000000000000000000e+00
9.100000000000000000e+05 0.000000000000000000e+00
9.108000000000000000e+05 0.000000000000000000e+00
9.116000000000000000e+05 0.000000000000000000e+00
9.124000000000000000e+05 0.000000000000000000e+00
9.132000000000000000e+05 0.000000000000000000e+00
9.140000000000000000e+05 0.000000000000000000e+00
9.148000000000000000e+05 0.000000000000000000e+00
9.156000000000000000e+05 0.000000000000000000e+00
9.164000000000000000e+05 0.000000000000000000e+00
9.172000000000000000e+05 0.000000000000000000e+00
9.180000000000000000e+05 0.000000000000000000e+00
9.188000000000000000e+05 0.000000000000000000e+00
9.196000000000000000e+05 0.000000000000000000e+00
9.204000000000000000e+05 0.000000000000000000e+00
9.212000000000000000e+05 0.000000000000000000e+00
9.220000000000000000e+05 0.000000000000000000e+00
9.228000000000000000e+05 0.000000000000000000e+00
9.236000000000000000e+05 0.000000000000000000e+00
9.244000000000000000e+05 0.000000000000000000e+00
9.252000000000000000e+05 0.000000000000000000e+00
9.260000000000000000e+05 0.000000000000000000e+00
9.268000000000000000e+05 0.000000000000000000e+00
9.276000000000000000e+05 0.000000000000000000e+00
9.284000000000000000e+05 0.000000000000000000e+00
9.292000000000000000e+05 0.000000000000000000e+00
9.300000000000000000e+05 0.000000000000000000e+00
9.308000000000000000e+05 0.000000000000000000e+00
9.316000000000000000e+05 0.000000000000000000e+00
9.324000000000000000e+05 0.000000000000000000e+00
9.332000000000000000e+05 0.000000000000000000e+00
9.340000000000000000e+05 0.000000000000000000e+00
9.348000000000000000e+05 0.000000000000000000e+00
9.356000000000000000e+05 0.000000000000000000e+00
9.364000000000000000e+05 0.000000000000000000e+00
9.372000000000000000e+05 0.000000000000000000e+00
9.380000000000000000e+05 0.000000000000000000e+00
9.388000000000000000e+05 0.000000000000000000e+00
9.396000000000000000e+05 0.000000000000000000e+00
9.404000000000000000e+05 0.000000000000000000e+00
9.412000000000000000e+05 0.000000000000000000e+00
9.420000000000000000e+05 0.000000000000000000e+00
9.428000000000000000e+05 0.000000000000000000e+00
9.436000000000000000e+05 0.000000000000000000e+00
9.444000000000000000e+05 0.000000000000000000e+00
9.452000000000000000e+05 0.000000000000000000e+00
9.460000000000000000e+05 0.000000000000000000e+00
9.468000000000000000e+05 0.000000000000000000e+00
9.476000000000000000e+05 0.000000000000000000e+00
9.484000000000000000e+05 0.000000000000000000e+00
9.492000000000000000e+05 0.000000000000000000e+00
9.500000000000000000e+05 0.000000000000000000e+00
9.508000000000000000e+05 0.000000000000000000e+00
9.516000000000000000e+05 0.000000000000000000e+00
9.524000000000000000e+05 0.000000000000000000e+00
9.532000000000000000e+05 0.000000000000000000e+00
9.540000000000000000e+05 0.000000000000000000e+00
9.548000000000000000e+05 0.000000000000000000e+00
9.556000000000000000e+05 0.000000000000000000e+00
9.564000000000000000e+05 0.000000000000000000e+00
9.572000000000000000e+05 0.000000000000000000e+00
9.580000000000000000e+05 0.000000000000000000e+00
9.588000000000000000e+05 0.000000000000000000e+00
9.596000000000000000e+05 0.000000000000000000e+00
9.604000000000000000e+05 0.000000000000000000e+00
9.612000000000000000e+05 0.000000000000000000e+00
9.620000000000000000e+05 0.000000000000000000e+00
9.628000000000000000e+05 0.000000000000000000e+00
9.636000000000000000e+05 0.000000000000000000e+00
9.644000000000000000e+05 0.000000000000000000e+00
9.652000000000000000e+05 0.000000000000000000e+00
9.660000000000000000e+05 0.000000000000000000e+00
9.668000000000000000e+05 0.000000000000000000e+00
9.676000000000000000e+05 0.000000000000000000e+00
9.684000000000000000e+05 0.000000000000000000e+00
9.692000000000000000e+05 0.000000000000000000e+00
9.700000000000000000e+05 0.000000000000000000e+00
9.708000000000000000e+05 0.000000000000000000e+00
9.716000000000000000e+05 0.000000000000000000e+00
9.724000000000000000e+05 0.000000000000000000e+00
9.732000000000000000e+05 0.000000000000000000e+00
9.740000000000000000e+05 0.000000000000000000e+00
9.748000000000000000e+05 0.000000000000000000e+00
9.756000000000000000e+05 0.000000000000000000e+00
9.764000000000000000e+05 0.000000000000000000e+00
9.772000000000000000e+05 0.000000000000000000e+00
9.780000000000000000e+05 0.000000000000000000e+00
9.788000000000000000e+05 0.000000000000000000e+00
9.796000000000000000e+05 0.000000000000000000e+00
9.804000000000000000e+05 0.000000000000000000e+00
9.812000000000000000e+05 0.000000000000000000e+00
9.820000000000000000e+05 0.000000000000000000e+00
9.828000000000000000e+05 0.000000000000000000e+00
9.836000000000000000e+05 0.000000000000000000e+00
9.844000000000000000e+05 0.000000000000000000e+00
9.852000000000000000e+05 0.000000000000000000e+00
9.860000000000000000e+05 0.000000000000000000e+00
9.868000000000000000e+05 0.000000000000000000e+00
9.876000000000000000e+05 0.000000000000000000e+00
9.884000000000000000e+05 0.000000000000000000e+00
9.892000000000000000e+05 0.000000000000000000e+00
9.900000000000000000e+05 0.000000000000000000e+00
9.908000000000000000e+05 0.000000000000000000e+00
9.916000000000000000e+05 0.000000000000000000e+00
9.924000000000000000e+05 0.000000000000000000e+00
9.932000000000000000e+05 0.000000000000000000e+00
9.940000000000000000e+05 0.000000000000000000e+00
9.948000000000000000e+05 0.000000000000000000e+00
9.956000000000000000e+05 0.000000000000000000e+00
9.964000000000000000e+05 0.000000000000000000e+00
9.972000000000000000e+05 0.000000000000000000e+00
9.980000000000000000e+05 0.000000000000000000e+00
9.988000000000000000e+05 0.000000000000000000e+00
9.996000000000000000e+05 0.000000000000000000e+00
1.000400000000000000e+06 0.000000000000000000e+00
1.001200000000000000e+06 0.000000000000000000e+00
1.002000000000000000e+06 0.000000000000000000e+00
1.002800000000000000e+06 0.000000000000000000e+00
1.003600000000000000e+06 0.000000000000000000e+00
1.004400000000000000e+06 0.000000000000000000e+00
1.005200000000000000e+06 0.000000000000000000e+00
1.006000000000000000e+06 0.000000000000000000e+00
1.006800000000000000e+06 0.000000000000000000e+00
1.007600000000000000e+06 0.000000000000000000e+00
1.008400000000000000e+06 0.000000000000000000e+00
1.009200000000000000e+06 0.000000000000000000e+00
1.010000000000000000e+06 0.000000000000000000e+00
1.010800000000000000e+06 0.000000000000000000e+00
1.011600000000000000e+06 0.000000000000000000e+00
1.012400000000000000e+06 0.000000000000000000e+00
1.013200000000000000e+06 0.000000000000000000e+00
1.014000000000000000e+06 0.000000000000000000e+00
1.014800000000000000e+06 0.000000000000000000e+00
1.015600000000000000e+06 0.000000000000000000e+00
1.016400000000000000e+06 0.000000000000000000e+00
1.017200000000000000e+06 0.000000000000000000e+00
1.018000000000000000e+06 0.000000000000000000e+00
1.018800000000000000e+06 0.000000000000000000e+00
1.019600000000000000e+06 0.000000000000000000e+00
1.020400000000000000e+06 0.000000000000000000e+00
1.021200000000000000e+06 0.000000000000000000e+00
1.022000000000000000e+06 0.000000000000000000e+00
1.022800000000000000e+06 0.000000000000000000e+00
1.023600000000000000e+06 0.000000000000000000e+00
1.024400000000000000e+06 0.000000000000000000e+00
1.025200000000000000e+06 0.000000000000000000e+00
1.026000000000000000e+06 0.000000000000000000e+00
1.026800000000000000e+06 0.000000000000000000e+00
1.027600000000000000e+06 0.000000000000000000e+00
1.028400000000000000e+06 0.000000000000000000e+00
1.029200000000000000e+06 0.000000000000000000e+00
1.030000000000000000e+06 0.000000000000000000e+00
1.030800000000000000e+06 0.000000000000000000e+00
1.031600000000000000e+06 0.000000000000000000e+00
1.032400000000000000e+06 0.000000000000000000e+00
1.033200000000000000e+06 0.000000000000000000e+00
1.034000000000000000e+06 0.000000000000000000e+00
1.034800000000000000e+06 0.000000000000000000e+00
1.035600000000000000e+06 0.000000000000000000e+00
1.036400000000000000e+06 0.000000000000000000e+00
1.037200000000000000e+06 0.000000000000000000e+00
1.038000000000000000e+06 0.000000000000000000e+00
1.038800000000000000e+06 0.000000000000000000e+00
1.039600000000000000e+06 0.000000000000000000e+00
1.040400000000000000e+06 0.000000000000000000e+00
1.041200000000000000e+06 0.000000000000000000e+00
1.042000000000000000e+06 0.000000000000000000e+00
1.042800000000000000e+06 0.000000000000000000e+00
1.043600000000000000e+06 0.000000000000000000e+00
1.044400000000000000e+06 0.000000000000000000e+00
1.045200000000000000e+06 0.000000000000000000e+00
1.046000000000000000e+06 0.000000000000000000e+00
1.046800000000000000e+06 0.000000000000000000e+00
1.047600000000000000e+06 0.000000000000000000e+00
1.048400000000000000e+06 0.000000000000000000e+00
1.049200000000000000e+06 0.000000000000000000e+00
1.050000000000000000e+06 0.000000000000000000e+00
1.050800000000000000e+06 0.000000000000000000e+00
1.051600000000000000e+06 0.000000000000000000e+00
1.052400000000000000e+06 0.000000000000000000e+00
1.053200000000000000e+06 0.000000000000000000e+00
1.054000000000000000e+06 0.000000000000000000e+00
1.054800000000000000e+06 0.000000000000000000e+00
1.055600000000000000e+06 0.000000000000000000e+00
1.056400000000000000e+06 0.000000000000000000e+00
1.057200000000000000e+06 0.000000000000000000e+00
1.058000000000000000e+06 0.000000000000000000e+00
1.058800000000000000e+06 0.000000000000000000e+00
1.059600000000000000e+06 0.000000000000000000e+00
1.060400000000000000e+06 0.000000000000000000e+00
1.061200000000000000e+06 0.000000000000000000e+00
1.062000000000000000e+06 0.000000000000000000e+00
1.062800000000000000e+06 0.000000000000000000e+00
1.063600000000000000e+06 0.000000000000000000e+00
1.064400000000000000e+06 0.000000000000000000e+00
1.065200000000000000e+06 0.000000000000000000e+00
1.066000000000000000e+06 0.000000000000000000e+00
1.066800000000000000e+06 0.000000000000000000e+00
1.067600000000000000e+06 0.000000000000000000e+00
1.068400000000000000e+06 0.000000000000000000e+00
1.069200000000000000e+06 0.000000000000000000e+00
1.070000000000000000e+06 0.000000000000000000e+00
1.070800000000000000e+06 0.000000000000000000e+00
1.071600000000000000e+06 0.000000000000000000e+00
1.072400000000000000e+06 0.000000000000000000e+00
1.073200000000000000e+06 0.000000000000000000e+00
1.074000000000000000e+06 0.000000000000000000e+00
1.074800000000000000e+06 0.000000000000000000e+00
1.075600000000000000e+06 0.000000000000000000e+00
1.076400000000000000e+06 0.000000000000000000e+00
1.077200000000000000e+06 0.000000000000000000e+00
1.078000000000000000e+06 0.000000000000000000e+00
1.078800000000000000e+06 0.000000000000000000e+00
1.079600000000000000e+06 0.000000000000000000e+00
1.080400000000000000e+06 0.000000000000000000e+00
1.081200000000000000e+06 0.000000000000000000e+00
1.082000000000000000e+06 0.000000000000000000e+00
1.082800000000000000e+06 0.000000000000000000e+00
1.083600000000000000e+06 0.000000000000000000e+00
1.084400000000000000e+06 0.000000000000000000e+00
1.085200000000000000e+06 0.000000000000000000e+00
1.086000000000000000e+06 0.000000000000000000e+00
1.086800000000000000e+06 0.000000000000000000e+00
1.087600000000000000e+06 0.000000000000000000e+00
1.088400000000000000e+06 0.000000000000000000e+00
1.089200000000000000e+06 0.000000000000000000e+00
1.090000000000000000e+06 0.000000000000000000e+00
1.090800000000000000e+06 0.000000000000000000e+00
1.091600000000000000e+06 0.000000000000000000e+00
1.092400000000000000e+06 0.000000000000000000e+00
1.093200000000000000e+06 0.000000000000000000e+00
1.094000000000000000e+06 0.000000000000000000e+00
1.094800000000000000e+06 0.000000000000000000e+00
1.095600000000000000e+06 0.000000000000000000e+00
1.096400000000000000e+06 0.000000000000000000e+00
1.097200000000000000e+06 0.000000000000000000e+00
1.098000000000000000e+06 0.000000000000000000e+00
1.098800000000000000e+06 0.000000000000000000e+00
1.099600000000000000e+06 0.000000000000000000e+00
1.100400000000000000e+06 0.000000000000000000e+00
1.101200000000000000e+06 0.000000000000000000e+00
1.102000000000000000e+06 0.000000000000000000e+00
1.102800000000000000e+06 0.000000000000000000e+00
1.103600000000000000e+06 0.000000000000000000e+00
1.104400000000000000e+06 0.000000000000000000e+00
1.105200000000000000e+06 0.000000000000000000e+00
1.106000000000000000e+06 0.000000000000000000e+00
1.106800000000000000e+06 0.000000000000000000e+00
1.107600000000000000e+06 0.000000000000000000e+00
1.108400000000000000e+06 0.000000000000000000e+00
1.109200000000000000e+06 0.000000000000000000e+00
1.110000000000000000e+06 0.000000000000000000e+00
1.110800000000000000e+06 0.000000000000000000e+00
1.111600000000000000e+06 0.000000000000000000e+00
1.112400000000000000e+06 0.000000000000000000e+00
1.113200000000000000e+06 0.000000000000000000e+00
1.114000000000000000e+06 0.000000000000000000e+00
1.114800000000000000e+06 0.000000000000000000e+00
1.115600000000000000e+06 0.000000000000000000e+00
1.116400000000000000e+06 0.000000000000000000e+00
1.117200000000000000e+06 0.000000000000000000e+00
1.118000000000000000e+06 0.000000000000000000e+00
1.118800000000000000e+06 0.000000000000000000e+00
1.119600000000000000e+06 0.000000000000000000e+00
1.120400000000000000e+06 0.000000000000000000e+00
1.121200000000000000e+06 0.000000000000000000e+00
1.122000000000000000e+06 0.000000000000000000e+00
1.122800000000000000e+06 0.000000000000000000e+00
1.123600000000000000e+06 0.000000000000000000e+00
1.124400000000000000e+06 0.000000000000000000e+00
1.125200000000000000e+06 0.000000000000000000e+00
1.126000000000000000e+06 0.000000000000000000e+00
1.126800000000000000e+06 0.000000000000000000e+00
1.127600000000000000e+06 0.000000000000000000e+00
1.128400000000000000e+06 0.000000000000000000e+00
1.129200000000000000e+06 0.000000000000000000e+00
1.130000000000000000e+06 0.000000000000000000e+00
1.130800000000000000e+06 0.000000000000000000e+00
1.131600000000000000e+06 0.000000000000000000e+00
1.132400000000000000e+06 0.000000000000000000e+00
1.133200000000000000e+06 0.000000000000000000e+00
1.134000000000000000e+06 0.000000000000000000e+00
1.134800000000000000e+06 0.000000000000000000e+00
1.135600000000000000e+06 0.000000000000000000e+00
1.136400000000000000e+06 0.000000000000000000e+00
1.137200000000000000e+06 0.000000000000000000e+00
1.138000000000000000e+06 0.000000000000000000e+00
1.138800000000000000e+06 0.000000000000000000e+00
1.139600000000000000e+06 0.000000000000000000e+00
1.140400000000000000e+06 0.000000000000000000e+00
1.141200000000000000e+06 0.000000000000000000e+00
1.142000000000000000e+06 0.000000000000000000e+00
1.142800000000000000e+06 0.000000000000000000e+00
1.143600000000000000e+06 0.000000000000000000e+00
1.144400000000000000e+06 0.000000000000000000e+00
1.145200000000000000e+06 0.000000000000000000e+00
1.146000000000000000e+06 0.000000000000000000e+00
1.146800000000000000e+06 0.000000000000000000e+00
1.147600000000000000e+06 0.000000000000000000e+00
1.148400000000000000e+06 0.000000000000000000e+00
1.149200000000000000e+06 0.000000000000000000e+00
1.150000000000000000e+06 0.000000000000000000e+00
1.150800000000000000e+06 0.000000000000000000e+00
1.151600000000000000e+06 0.000000000000000000e+00
1.152400000000000000e+06 0.000000000000000000e+00
1.153200000000000000e+06 0.000000000000000000e+00
1.154000000000000000e+06 0.000000000000000000e+00
1.154800000000000000e+06 0.000000000000000000e+00
1.155600000000000000e+06 0.000000000000000000e+00
1.156400000000000000e+06 0.000000000000000000e+00
1.157200000000000000e+06 0.000000000000000000e+00
1.158000000000000000e+06 0.000000000000000000e+00
1.158800000000000000e+06 0.000000000000000000e+00
1.159600000000000000e+06 0.000000000000000000e+00
1.160400000000000000e+06 0.000000000000000000e+00
1.161200000000000000e+06 0.000000000000000000e+00
1.162000000000000000e+06 0.000000000000000000e+00
1.162800000000000000e+06 0.000000000000000000e+00
1.163600000000000000e+06 0.000000000000000000e+00
1.164400000000000000e+06 0.000000000000000000e+00
1.165200000000000000e+06 0.000000000000000000e+00
1.166000000000000000e+06 0.000000000000000000e+00
1.166800000000000000e+06 0.000000000000000000e+00
1.167600000000000000e+06 0.000000000000000000e+00
1.168400000000000000e+06 0.000000000000000000e+00
1.169200000000000000e+06 0.000000000000000000e+00
1.170000000000000000e+06 0.000000000000000000e+00
1.170800000000000000e+06 0.000000000000000000e+00
1.171600000000000000e+06 0.000000000000000000e+00
1.172400000000000000e+06 0.000000000000000000e+00
1.173200000000000000e+06 0.000000000000000000e+00
1.174000000000000000e+06 0.000000000000000000e+00
1.174800000000000000e+06 0.000000000000000000e+00
1.175600000000000000e+06 0.000000000000000000e+00
1.176400000000000000e+06 0.000000000000000000e+00
1.177200000000000000e+06 0.000000000000000000e+00
1.178000000000000000e+06 0.000000000000000000e+00
1.178800000000000000e+06 0.000000000000000000e+00
1.179600000000000000e+06 0.000000000000000000e+00
1.180400000000000000e+06 0.000000000000000000e+00
1.181200000000000000e+06 0.000000000000000000e+00
1.182000000000000000e+06 0.000000000000000000e+00
1.182800000000000000e+06 0.000000000000000000e+00
1.183600000000000000e+06 0.000000000000000000e+00
1.184400000000000000e+06 0.000000000000000000e+00
1.185200000000000000e+06 0.000000000000000000e+00
1.186000000000000000e+06 0.000000000000000000e+00
1.186800000000000000e+06 0.000000000000000000e+00
1.187600000000000000e+06 0.000000000000000000e+00
1.188400000000000000e+06 0.000000000000000000e+00
1.189200000000000000e+06 0.000000000000000000e+00
1.190000000000000000e+06 0.000000000000000000e+00
1.190800000000000000e+06 0.000000000000000000e+00
1.191600000000000000e+06 0.000000000000000000e+00
1.192400000000000000e+06 0.000000000000000000e+00
1.193200000000000000e+06 0.000000000000000000e+00
1.194000000000000000e+06 0.000000000000000000e+00
1.194800000000000000e+06 0.000000000000000000e+00
1.195600000000000000e+06 0.000000000000000000e+00
1.196400000000000000e+06 0.000000000000000000e+00
1.197200000000000000e+06 0.000000000000000000e+00
1.198000000000000000e+06 0.000000000000000000e+00
1.198800000000000000e+06 0.000000000000000000e+00
1.199600000000000000e+06 0.000000000000000000e+00
1.200400000000000000e+06 0.000000000000000000e+00
1.201200000000000000e+06 0.000000000000000000e+00
1.202000000000000000e+06 0.000000000000000000e+00
1.202800000000000000e+06 0.000000000000000000e+00
1.203600000000000000e+06 0.000000000000000000e+00
1.204400000000000000e+06 0.000000000000000000e+00
1.205200000000000000e+06 0.000000000000000000e+00
1.206000000000000000e+06 0.000000000000000000e+00
1.206800000000000000e+06 0.000000000000000000e+00
1.207600000000000000e+06 0.000000000000000000e+00
1.208400000000000000e+06 0.000000000000000000e+00
1.209200000000000000e+06 0.000000000000000000e+00
1.210000000000000000e+06 0.000000000000000000e+00
1.210800000000000000e+06 0.000000000000000000e+00
1.211600000000000000e+06 0.000000000000000000e+00
1.212400000000000000e+06 0.000000000000000000e+00
1.213200000000000000e+06 0.000000000000000000e+00
1.214000000000000000e+06 0.000000000000000000e+00
1.214800000000000000e+06 0.000000000000000000e+00
1.215600000000000000e+06 0.000000000000000000e+00
1.216400000000000000e+06 0.000000000000000000e+00
1.217200000000000000e+06 0.000000000000000000e+00
1.218000000000000000e+06 0.000000000000000000e+00
1.218800000000000000e+06 0.000000000000000000e+00
1.219600000000000000e+06 0.000000000000000000e+00
1.220400000000000000e+06 0.000000000000000000e+00
1.221200000000000000e+06 0.000000000000000000e+00
1.222000000000000000e+06 0.000000000000000000e+00
1.222800000000000000e+06 0.000000000000000000e+00
1.223600000000000000e+06 0.000000000000000000e+00
1.224400000000000000e+06 0.000000000000000000e+00
1.225200000000000000e+06 0.000000000000000000e+00
1.226000000000000000e+06 0.000000000000000000e+00
1.226800000000000000e+06 0.000000000000000000e+00
1.227600000000000000e+06 0.000000000000000000e+00
1.228400000000000000e+06 0.000000000000000000e+00
1.229200000000000000e+06 0.000000000000000000e+00
1.230000000000000000e+06 0.000000000000000000e+00
1.230800000000000000e+06 0.000000000000000000e+00
1.231600000000000000e+06 0.000000000000000000e+00
1.232400000000000000e+06 0.000000000000000000e+00
1.233200000000000000e+06 0.000000000000000000e+00
1.234000000000000000e+06 0.000000000000000000e+00
