4.000000000000000000e+00 1.400000000000000000e+01 1.900000000000000000e+01 6.000000000000000000e+00 2.000000000000000000e+00 5.000000000000000000e+00 2.000000000000000000e+00 2.000000000000000000e+00 1.000000000000000000e+00 1.000000000000000000e+00 2.000000000000000000e+00 4.000000000000000000e+00 5.000000000000000000e+00 2.000000000000000000e+00 5.000000000000000000e+00 1.000000000000000000e+00 1.000000000000000000e+00
3.464000000000000000e+03 3.761000000000000000e+03 4.571000000000000000e+03 1.086000000000000000e+03 3.390000000000000000e+02 1.537000000000000000e+03 3.700000000000000000e+02 9.000000000000000000e+00 4.000000000000000000e+00 1.000000000000000000e+00 2.000000000000000000e+00 3.410000000000000000e+02 3.520000000000000000e+02 3.940000000000000000e+02 1.933000000000000000e+03 2.620000000000000000e+02 2.450000000000000000e+02
1.074400000000000000e+04 1.962300000000000000e+04 1.952000000000000000e+04 1.077400000000000000e+04 7.707000000000000000e+03 1.426100000000000000e+04 1.378800000000000000e+04 6.171000000000000000e+03 6.396000000000000000e+03 2.688000000000000000e+03 2.930000000000000000e+03 8.312000000000000000e+03 4.886000000000000000e+03 7.192000000000000000e+03 9.842000000000000000e+03 5.190000000000000000e+03 3.795000000000000000e+03
1.231700000000000000e+04 3.001800000000000000e+04 2.823500000000000000e+04 1.876700000000000000e+04 3.102900000000000000e+04 2.171200000000000000e+04 2.249400000000000000e+04 1.784100000000000000e+04 1.629200000000000000e+04 9.850000000000000000e+03 1.060500000000000000e+04 2.452600000000000000e+04 8.882000000000000000e+03 2.440200000000000000e+04 3.551200000000000000e+04 1.582600000000000000e+04 1.685200000000000000e+04
1.163000000000000000e+04 3.432000000000000000e+04 2.930600000000000000e+04 2.147200000000000000e+04 3.544700000000000000e+04 2.418200000000000000e+04 2.609300000000000000e+04 2.613900000000000000e+04 2.631300000000000000e+04 1.611400000000000000e+04 1.897100000000000000e+04 3.632500000000000000e+04 1.053300000000000000e+04 3.962400000000000000e+04 4.231500000000000000e+04 2.756000000000000000e+04 3.461200000000000000e+04
1.085800000000000000e+04 3.407100000000000000e+04 2.896700000000000000e+04 2.130000000000000000e+04 1.921400000000000000e+04 2.454200000000000000e+04 2.628000000000000000e+04 2.904300000000000000e+04 3.277300000000000000e+04 2.012000000000000000e+04 2.388400000000000000e+04 3.543300000000000000e+04 1.084600000000000000e+04 4.037100000000000000e+04 2.348300000000000000e+04 3.229800000000000000e+04 4.313200000000000000e+04
9.486000000000000000e+03 2.928600000000000000e+04 2.954700000000000000e+04 2.069300000000000000e+04 1.025000000000000000e+04 2.456300000000000000e+04 2.652200000000000000e+04 2.718000000000000000e+04 3.467700000000000000e+04 2.280300000000000000e+04 2.516200000000000000e+04 2.581000000000000000e+04 1.061200000000000000e+04 2.997500000000000000e+04 1.070700000000000000e+04 2.770300000000000000e+04 3.865400000000000000e+04
7.255000000000000000e+03 2.277700000000000000e+04 2.832500000000000000e+04 2.110800000000000000e+04 7.925000000000000000e+03 2.397300000000000000e+04 2.667200000000000000e+04 2.252600000000000000e+04 3.118400000000000000e+04 2.391700000000000000e+04 2.255300000000000000e+04 1.543600000000000000e+04 1.063700000000000000e+04 1.737000000000000000e+04 7.286000000000000000e+03 1.857700000000000000e+04 2.547000000000000000e+04
4.829000000000000000e+03 1.518100000000000000e+04 2.383000000000000000e+04 2.159200000000000000e+04 7.819000000000000000e+03 2.308000000000000000e+04 2.477400000000000000e+04 1.715500000000000000e+04 2.437100000000000000e+04 2.327100000000000000e+04 1.756600000000000000e+04 9.255000000000000000e+03 9.763000000000000000e+03 1.036200000000000000e+04 6.721000000000000000e+03 1.097400000000000000e+04 1.427000000000000000e+04
2.982000000000000000e+03 9.833000000000000000e+03 1.705000000000000000e+04 2.107700000000000000e+04 8.203000000000000000e+03 2.062200000000000000e+04 1.957100000000000000e+04 1.190200000000000000e+04 1.644400000000000000e+04 2.098800000000000000e+04 1.234100000000000000e+04 6.573000000000000000e+03 8.758000000000000000e+03 7.273000000000000000e+03 6.698000000000000000e+03 6.758000000000000000e+03 8.530000000000000000e+03
1.992000000000000000e+03 6.716000000000000000e+03 1.062300000000000000e+04 1.925400000000000000e+04 8.727000000000000000e+03 1.746700000000000000e+04 1.398900000000000000e+04 8.412000000000000000e+03 1.019400000000000000e+04 1.729600000000000000e+04 8.195000000000000000e+03 5.777000000000000000e+03 7.052000000000000000e+03 6.501000000000000000e+03 7.081000000000000000e+03 5.136000000000000000e+03 6.523000000000000000e+03
1.606000000000000000e+03 5.561000000000000000e+03 6.818000000000000000e+03 1.639500000000000000e+04 8.798000000000000000e+03 1.368900000000000000e+04 9.159000000000000000e+03 6.351000000000000000e+03 6.799000000000000000e+03 1.322000000000000000e+04 5.587000000000000000e+03 5.610000000000000000e+03 5.304000000000000000e+03 6.440000000000000000e+03 7.616000000000000000e+03 4.871000000000000000e+03 5.805000000000000000e+03
1.380000000000000000e+03 4.719000000000000000e+03 5.020000000000000000e+03 1.271600000000000000e+04 7.868000000000000000e+03 1.051500000000000000e+04 6.248000000000000000e+03 5.133000000000000000e+03 5.549000000000000000e+03 9.646000000000000000e+03 4.310000000000000000e+03 5.508000000000000000e+03 4.040000000000000000e+03 6.457000000000000000e+03 7.885000000000000000e+03 4.790000000000000000e+03 5.628000000000000000e+03
1.337000000000000000e+03 4.775000000000000000e+03 4.157000000000000000e+03 9.265000000000000000e+03 6.269000000000000000e+03 7.575000000000000000e+03 4.602000000000000000e+03 4.512000000000000000e+03 4.919000000000000000e+03 6.682000000000000000e+03 3.826000000000000000e+03 5.791000000000000000e+03 3.013000000000000000e+03 6.716000000000000000e+03 7.371000000000000000e+03 4.530000000000000000e+03 5.807000000000000000e+03
1.361000000000000000e+03 4.757000000000000000e+03 3.858000000000000000e+03 6.386000000000000000e+03 4.137000000000000000e+03 5.730000000000000000e+03 3.917000000000000000e+03 4.329000000000000000e+03 4.828000000000000000e+03 5.150000000000000000e+03 3.679000000000000000e+03 6.033000000000000000e+03 2.225000000000000000e+03 6.964000000000000000e+03 5.878000000000000000e+03 4.734000000000000000e+03 5.830000000000000000e+03
1.302000000000000000e+03 4.862000000000000000e+03 3.695000000000000000e+03 4.614000000000000000e+03 2.374000000000000000e+03 4.287000000000000000e+03 3.545000000000000000e+03 4.423000000000000000e+03 4.690000000000000000e+03 4.010000000000000000e+03 3.598000000000000000e+03 6.095000000000000000e+03 1.877000000000000000e+03 7.228000000000000000e+03 3.936000000000000000e+03 5.064000000000000000e+03 6.240000000000000000e+03
1.471000000000000000e+03 5.052000000000000000e+03 3.764000000000000000e+03 3.796000000000000000e+03 1.311000000000000000e+03 3.823000000000000000e+03 3.537000000000000000e+03 4.366000000000000000e+03 4.614000000000000000e+03 3.529000000000000000e+03 3.712000000000000000e+03 6.089000000000000000e+03 1.560000000000000000e+03 7.141000000000000000e+03 2.362000000000000000e+03 5.365000000000000000e+03 6.542000000000000000e+03
1.543000000000000000e+03 5.158000000000000000e+03 3.836000000000000000e+03 3.077000000000000000e+03 6.840000000000000000e+02 3.330000000000000000e+03 3.438000000000000000e+03 4.485000000000000000e+03 4.859000000000000000e+03 3.325000000000000000e+03 3.740000000000000000e+03 5.561000000000000000e+03 1.441000000000000000e+03 6.437000000000000000e+03 1.359000000000000000e+03 5.450000000000000000e+03 6.980000000000000000e+03
1.577000000000000000e+03 5.159000000000000000e+03 3.815000000000000000e+03 2.886000000000000000e+03 3.840000000000000000e+02 3.177000000000000000e+03 3.413000000000000000e+03 4.632000000000000000e+03 4.919000000000000000e+03 3.172000000000000000e+03 3.894000000000000000e+03 4.842000000000000000e+03 1.393000000000000000e+03 5.386000000000000000e+03 7.230000000000000000e+02 5.200000000000000000e+03 7.150000000000000000e+03
1.542000000000000000e+03 4.834000000000000000e+03 3.980000000000000000e+03 2.773000000000000000e+03 1.890000000000000000e+02 3.015000000000000000e+03 3.422000000000000000e+03 4.595000000000000000e+03 5.171000000000000000e+03 3.260000000000000000e+03 4.105000000000000000e+03 3.765000000000000000e+03 1.295000000000000000e+03 4.232000000000000000e+03 3.900000000000000000e+02 4.690000000000000000e+03 6.652000000000000000e+03
1.429000000000000000e+03 4.476000000000000000e+03 4.139000000000000000e+03 2.676000000000000000e+03 1.330000000000000000e+02 3.018000000000000000e+03 3.530000000000000000e+03 4.399000000000000000e+03 5.343000000000000000e+03 3.231000000000000000e+03 4.102000000000000000e+03 2.791000000000000000e+03 1.306000000000000000e+03 3.010000000000000000e+03 2.240000000000000000e+02 3.839000000000000000e+03 5.932000000000000000e+03
1.348000000000000000e+03 3.826000000000000000e+03 4.294000000000000000e+03 2.621000000000000000e+03 7.100000000000000000e+01 3.043000000000000000e+03 3.768000000000000000e+03 4.105000000000000000e+03 5.455000000000000000e+03 3.184000000000000000e+03 3.983000000000000000e+03 1.960000000000000000e+03 1.426000000000000000e+03 2.028000000000000000e+03 1.150000000000000000e+02 2.830000000000000000e+03 4.640000000000000000e+03
1.196000000000000000e+03 3.278000000000000000e+03 4.417000000000000000e+03 2.686000000000000000e+03 6.200000000000000000e+01 3.143000000000000000e+03 3.914000000000000000e+03 3.701000000000000000e+03 5.341000000000000000e+03 3.261000000000000000e+03 3.840000000000000000e+03 1.233000000000000000e+03 1.430000000000000000e+03 1.293000000000000000e+03 7.900000000000000000e+01 2.128000000000000000e+03 3.361000000000000000e+03
9.940000000000000000e+02 2.629000000000000000e+03 4.276000000000000000e+03 2.619000000000000000e+03 4.900000000000000000e+01 3.214000000000000000e+03 3.856000000000000000e+03 3.374000000000000000e+03 4.963000000000000000e+03 3.427000000000000000e+03 3.433000000000000000e+03 8.130000000000000000e+02 1.440000000000000000e+03 8.310000000000000000e+02 3.800000000000000000e+01 1.372000000000000000e+03 2.378000000000000000e+03
7.970000000000000000e+02 1.943000000000000000e+03 4.060000000000000000e+03 2.760000000000000000e+03 4.800000000000000000e+01 3.229000000000000000e+03 4.080000000000000000e+03 2.786000000000000000e+03 4.592000000000000000e+03 3.495000000000000000e+03 3.128000000000000000e+03 5.210000000000000000e+02 1.462000000000000000e+03 4.800000000000000000e+02 3.600000000000000000e+01 9.720000000000000000e+02 1.528000000000000000e+03
5.770000000000000000e+02 1.425000000000000000e+03 3.988000000000000000e+03 2.791000000000000000e+03 3.900000000000000000e+01 3.292000000000000000e+03 3.926000000000000000e+03 2.280000000000000000e+03 3.830000000000000000e+03 3.625000000000000000e+03 2.649000000000000000e+03 3.270000000000000000e+02 1.546000000000000000e+03 3.150000000000000000e+02 4.000000000000000000e+01 6.170000000000000000e+02 1.023000000000000000e+03
4.610000000000000000e+02 1.035000000000000000e+03 3.493000000000000000e+03 2.945000000000000000e+03 4.400000000000000000e+01 3.312000000000000000e+03 3.861000000000000000e+03 1.877000000000000000e+03 3.070000000000000000e+03 3.537000000000000000e+03 2.105000000000000000e+03 2.110000000000000000e+02 1.450000000000000000e+03 2.280000000000000000e+02 3.800000000000000000e+01 4.160000000000000000e+02 6.820000000000000000e+02
3.300000000000000000e+02 7.120000000000000000e+02 2.805000000000000000e+03 2.955000000000000000e+03 3.600000000000000000e+01 3.347000000000000000e+03 3.580000000000000000e+03 1.436000000000000000e+03 2.452000000000000000e+03 3.670000000000000000e+03 1.688000000000000000e+03 1.280000000000000000e+02 1.466000000000000000e+03 1.380000000000000000e+02 3.400000000000000000e+01 2.440000000000000000e+02 4.340000000000000000e+02
2.340000000000000000e+02 5.010000000000000000e+02 2.257000000000000000e+03 2.942000000000000000e+03 4.000000000000000000e+01 3.269000000000000000e+03 3.121000000000000000e+03 1.138000000000000000e+03 1.773000000000000000e+03 3.515000000000000000e+03 1.267000000000000000e+03 8.100000000000000000e+01 1.410000000000000000e+03 9.400000000000000000e+01 3.200000000000000000e+01 1.380000000000000000e+02 3.160000000000000000e+02
1.360000000000000000e+02 3.200000000000000000e+02 1.695000000000000000e+03 3.000000000000000000e+03 3.900000000000000000e+01 3.330000000000000000e+03 2.661000000000000000e+03 8.360000000000000000e+02 1.350000000000000000e+03 3.428000000000000000e+03 9.270000000000000000e+02 6.300000000000000000e+01 1.342000000000000000e+03 6.600000000000000000e+01 2.700000000000000000e+01 1.200000000000000000e+02 2.050000000000000000e+02
6.700000000000000000e+01 2.130000000000000000e+02 1.348000000000000000e+03 3.106000000000000000e+03 4.700000000000000000e+01 3.218000000000000000e+03 2.152000000000000000e+03 6.160000000000000000e+02 9.350000000000000000e+02 3.089000000000000000e+03 7.270000000000000000e+02 4.600000000000000000e+01 1.294000000000000000e+03 6.400000000000000000e+01 3.700000000000000000e+01 7.500000000000000000e+01 1.200000000000000000e+02
6.100000000000000000e+01 1.450000000000000000e+02 9.290000000000000000e+02 3.113000000000000000e+03 3.200000000000000000e+01 3.061000000000000000e+03 1.657000000000000000e+03 4.460000000000000000e+02 6.840000000000000000e+02 2.721000000000000000e+03 4.600000000000000000e+02 3.700000000000000000e+01 1.206000000000000000e+03 4.000000000000000000e+01 3.500000000000000000e+01 6.200000000000000000e+01 8.700000000000000000e+01
4.900000000000000000e+01 1.110000000000000000e+02 6.630000000000000000e+02 2.967000000000000000e+03 3.700000000000000000e+01 2.715000000000000000e+03 1.268000000000000000e+03 3.290000000000000000e+02 5.040000000000000000e+02 2.502000000000000000e+03 3.650000000000000000e+02 4.900000000000000000e+01 1.071000000000000000e+03 3.200000000000000000e+01 2.800000000000000000e+01 4.500000000000000000e+01 5.900000000000000000e+01
3.300000000000000000e+01 7.100000000000000000e+01 4.560000000000000000e+02 2.881000000000000000e+03 4.100000000000000000e+01 2.404000000000000000e+03 9.870000000000000000e+02 2.090000000000000000e+02 3.810000000000000000e+02 2.020000000000000000e+03 2.590000000000000000e+02 4.400000000000000000e+01 9.010000000000000000e+02 3.400000000000000000e+01 4.400000000000000000e+01 2.700000000000000000e+01 6.300000000000000000e+01
1.600000000000000000e+01 4.700000000000000000e+01 3.570000000000000000e+02 2.674000000000000000e+03 3.600000000000000000e+01 2.098000000000000000e+03 6.920000000000000000e+02 1.480000000000000000e+02 2.790000000000000000e+02 1.711000000000000000e+03 1.720000000000000000e+02 3.700000000000000000e+01 7.620000000000000000e+02 1.800000000000000000e+01 3.900000000000000000e+01 3.700000000000000000e+01 4.800000000000000000e+01
1.200000000000000000e+01 4.000000000000000000e+01 2.610000000000000000e+02 2.433000000000000000e+03 4.300000000000000000e+01 1.883000000000000000e+03 5.270000000000000000e+02 1.430000000000000000e+02 2.080000000000000000e+02 1.436000000000000000e+03 1.120000000000000000e+02 2.500000000000000000e+01 6.760000000000000000e+02 3.000000000000000000e+01 3.300000000000000000e+01 3.200000000000000000e+01 3.800000000000000000e+01
1.600000000000000000e+01 2.600000000000000000e+01 1.750000000000000000e+02 2.058000000000000000e+03 4.200000000000000000e+01 1.513000000000000000e+03 3.730000000000000000e+02 7.000000000000000000e+01 1.540000000000000000e+02 1.101000000000000000e+03 1.010000000000000000e+02 2.500000000000000000e+01 5.140000000000000000e+02 3.400000000000000000e+01 3.400000000000000000e+01 2.800000000000000000e+01 2.700000000000000000e+01
1.400000000000000000e+01 4.100000000000000000e+01 1.250000000000000000e+02 1.834000000000000000e+03 4.300000000000000000e+01 1.284000000000000000e+03 2.810000000000000000e+02 7.200000000000000000e+01 1.250000000000000000e+02 8.810000000000000000e+02 6.400000000000000000e+01 2.700000000000000000e+01 4.420000000000000000e+02 4.200000000000000000e+01 3.700000000000000000e+01 2.900000000000000000e+01 2.800000000000000000e+01
4.000000000000000000e+00 2.700000000000000000e+01 7.500000000000000000e+01 1.514000000000000000e+03 4.600000000000000000e+01 1.021000000000000000e+03 2.150000000000000000e+02 3.900000000000000000e+01 7.600000000000000000e+01 6.910000000000000000e+02 5.600000000000000000e+01 3.600000000000000000e+01 3.380000000000000000e+02 2.700000000000000000e+01 4.300000000000000000e+01 3.200000000000000000e+01 3.600000000000000000e+01
9.000000000000000000e+00 2.600000000000000000e+01 5.500000000000000000e+01 1.209000000000000000e+03 4.200000000000000000e+01 8.630000000000000000e+02 1.480000000000000000e+02 4.700000000000000000e+01 6.500000000000000000e+01 5.080000000000000000e+02 3.900000000000000000e+01 2.300000000000000000e+01 2.580000000000000000e+02 4.100000000000000000e+01 3.600000000000000000e+01 1.900000000000000000e+01 3.100000000000000000e+01
1.200000000000000000e+01 2.700000000000000000e+01 5.600000000000000000e+01 1.047000000000000000e+03 5.800000000000000000e+01 6.210000000000000000e+02 1.240000000000000000e+02 3.500000000000000000e+01 7.300000000000000000e+01 4.100000000000000000e+02 2.800000000000000000e+01 3.000000000000000000e+01 2.380000000000000000e+02 2.600000000000000000e+01 4.000000000000000000e+01 2.400000000000000000e+01 4.600000000000000000e+01
1.300000000000000000e+01 1.800000000000000000e+01 3.500000000000000000e+01 8.260000000000000000e+02 2.700000000000000000e+01 5.580000000000000000e+02 8.400000000000000000e+01 3.000000000000000000e+01 4.700000000000000000e+01 3.000000000000000000e+02 3.200000000000000000e+01 2.300000000000000000e+01 1.700000000000000000e+02 2.900000000000000000e+01 4.600000000000000000e+01 1.800000000000000000e+01 3.600000000000000000e+01
8.000000000000000000e+00 1.800000000000000000e+01 3.400000000000000000e+01 5.860000000000000000e+02 4.000000000000000000e+01 4.350000000000000000e+02 6.500000000000000000e+01 1.700000000000000000e+01 5.000000000000000000e+01 2.290000000000000000e+02 2.200000000000000000e+01 3.600000000000000000e+01 1.150000000000000000e+02 3.600000000000000000e+01 4.900000000000000000e+01 2.300000000000000000e+01 2.300000000000000000e+01
1.600000000000000000e+01 2.400000000000000000e+01 2.000000000000000000e+01 5.200000000000000000e+02 3.100000000000000000e+01 3.220000000000000000e+02 2.800000000000000000e+01 2.800000000000000000e+01 3.800000000000000000e+01 1.670000000000000000e+02 3.300000000000000000e+01 3.600000000000000000e+01 9.300000000000000000e+01 3.500000000000000000e+01 6.200000000000000000e+01 2.000000000000000000e+01 2.600000000000000000e+01
9.000000000000000000e+00 1.800000000000000000e+01 2.200000000000000000e+01 4.000000000000000000e+02 2.900000000000000000e+01 2.760000000000000000e+02 3.500000000000000000e+01 2.500000000000000000e+01 3.200000000000000000e+01 1.180000000000000000e+02 1.500000000000000000e+01 4.100000000000000000e+01 8.700000000000000000e+01 2.000000000000000000e+01 1.040000000000000000e+02 2.100000000000000000e+01 3.300000000000000000e+01
7.000000000000000000e+00 1.800000000000000000e+01 1.300000000000000000e+01 2.910000000000000000e+02 4.500000000000000000e+01 1.670000000000000000e+02 3.700000000000000000e+01 2.600000000000000000e+01 4.400000000000000000e+01 1.060000000000000000e+02 1.500000000000000000e+01 4.000000000000000000e+01 5.900000000000000000e+01 3.000000000000000000e+01 2.020000000000000000e+02 1.600000000000000000e+01 2.000000000000000000e+01
4.000000000000000000e+00 2.300000000000000000e+01 1.600000000000000000e+01 2.620000000000000000e+02 4.300000000000000000e+01 1.390000000000000000e+02 2.300000000000000000e+01 1.200000000000000000e+01 3.200000000000000000e+01 8.500000000000000000e+01 2.200000000000000000e+01 4.100000000000000000e+01 4.200000000000000000e+01 3.200000000000000000e+01 1.820000000000000000e+02 2.000000000000000000e+01 2.300000000000000000e+01
3.000000000000000000e+00 2.500000000000000000e+01 2.100000000000000000e+01 2.070000000000000000e+02 2.300000000000000000e+01 1.220000000000000000e+02 2.600000000000000000e+01 2.900000000000000000e+01 4.100000000000000000e+01 6.900000000000000000e+01 1.600000000000000000e+01 4.100000000000000000e+01 3.200000000000000000e+01 3.800000000000000000e+01 1.560000000000000000e+02 2.600000000000000000e+01 2.300000000000000000e+01
4.000000000000000000e+00 2.200000000000000000e+01 1.800000000000000000e+01 1.600000000000000000e+02 2.500000000000000000e+01 7.900000000000000000e+01 2.200000000000000000e+01 1.900000000000000000e+01 3.900000000000000000e+01 4.700000000000000000e+01 2.100000000000000000e+01 2.800000000000000000e+01 3.200000000000000000e+01 4.100000000000000000e+01 9.800000000000000000e+01 3.400000000000000000e+01 2.800000000000000000e+01
5.000000000000000000e+00 2.200000000000000000e+01 1.000000000000000000e+01 1.110000000000000000e+02 2.400000000000000000e+01 6.800000000000000000e+01 2.200000000000000000e+01 2.600000000000000000e+01 2.800000000000000000e+01 3.500000000000000000e+01 1.700000000000000000e+01 3.000000000000000000e+01 1.800000000000000000e+01 3.500000000000000000e+01 5.000000000000000000e+00 3.000000000000000000e+01 2.600000000000000000e+01
5.000000000000000000e+00 2.400000000000000000e+01 1.100000000000000000e+01 9.700000000000000000e+01 3.000000000000000000e+01 6.800000000000000000e+01 2.300000000000000000e+01 2.000000000000000000e+01 2.900000000000000000e+01 4.000000000000000000e+01 1.900000000000000000e+01 2.800000000000000000e+01 1.900000000000000000e+01 3.400000000000000000e+01 0.000000000000000000e+00 3.100000000000000000e+01 3.000000000000000000e+01
5.000000000000000000e+00 2.800000000000000000e+01 1.600000000000000000e+01 7.500000000000000000e+01 2.900000000000000000e+01 5.300000000000000000e+01 1.500000000000000000e+01 1.300000000000000000e+01 3.400000000000000000e+01 2.300000000000000000e+01 1.800000000000000000e+01 3.900000000000000000e+01 1.200000000000000000e+01 3.800000000000000000e+01 0.000000000000000000e+00 2.500000000000000000e+01 3.100000000000000000e+01
8.000000000000000000e+00 3.000000000000000000e+01 1.800000000000000000e+01 6.300000000000000000e+01 2.400000000000000000e+01 5.100000000000000000e+01 2.800000000000000000e+01 1.600000000000000000e+01 3.700000000000000000e+01 1.900000000000000000e+01 2.100000000000000000e+01 2.700000000000000000e+01 1.600000000000000000e+01 3.200000000000000000e+01 0.000000000000000000e+00 2.400000000000000000e+01 2.600000000000000000e+01
5.000000000000000000e+00 3.200000000000000000e+01 1.700000000000000000e+01 5.200000000000000000e+01 2.300000000000000000e+01 2.900000000000000000e+01 2.800000000000000000e+01 1.700000000000000000e+01 2.700000000000000000e+01 2.200000000000000000e+01 1.600000000000000000e+01 3.800000000000000000e+01 1.400000000000000000e+01 3.100000000000000000e+01 0.000000000000000000e+00 2.600000000000000000e+01 3.600000000000000000e+01
1.200000000000000000e+01 2.900000000000000000e+01 1.100000000000000000e+01 5.200000000000000000e+01 1.800000000000000000e+01 3.100000000000000000e+01 1.100000000000000000e+01 1.800000000000000000e+01 2.700000000000000000e+01 2.000000000000000000e+01 1.700000000000000000e+01 3.000000000000000000e+01 1.400000000000000000e+01 3.200000000000000000e+01 0.000000000000000000e+00 2.500000000000000000e+01 2.900000000000000000e+01
8.000000000000000000e+00 2.200000000000000000e+01 2.000000000000000000e+01 3.100000000000000000e+01 2.400000000000000000e+01 2.900000000000000000e+01 1.800000000000000000e+01 2.100000000000000000e+01 3.200000000000000000e+01 1.100000000000000000e+01 1.900000000000000000e+01 2.700000000000000000e+01 1.200000000000000000e+01 3.300000000000000000e+01 0.000000000000000000e+00 2.500000000000000000e+01 3.800000000000000000e+01
1.200000000000000000e+01 2.900000000000000000e+01 1.400000000000000000e+01 2.000000000000000000e+01 2.600000000000000000e+01 2.000000000000000000e+01 1.900000000000000000e+01 1.900000000000000000e+01 1.900000000000000000e+01 2.100000000000000000e+01 1.900000000000000000e+01 3.100000000000000000e+01 7.000000000000000000e+00 3.100000000000000000e+01 0.000000000000000000e+00 3.000000000000000000e+01 3.400000000000000000e+01
4.000000000000000000e+00 2.300000000000000000e+01 1.600000000000000000e+01 1.800000000000000000e+01 1.800000000000000000e+01 2.200000000000000000e+01 1.500000000000000000e+01 2.000000000000000000e+01 2.500000000000000000e+01 1.500000000000000000e+01 1.900000000000000000e+01 3.300000000000000000e+01 4.000000000000000000e+00 3.800000000000000000e+01 0.000000000000000000e+00 2.600000000000000000e+01 4.500000000000000000e+01
1.200000000000000000e+01 2.300000000000000000e+01 1.400000000000000000e+01 2.500000000000000000e+01 1.600000000000000000e+01 1.800000000000000000e+01 1.800000000000000000e+01 2.800000000000000000e+01 2.500000000000000000e+01 1.600000000000000000e+01 1.300000000000000000e+01 2.700000000000000000e+01 1.000000000000000000e+01 2.900000000000000000e+01 0.000000000000000000e+00 3.000000000000000000e+01 2.500000000000000000e+01
6.000000000000000000e+00 1.700000000000000000e+01 1.100000000000000000e+01 1.000000000000000000e+01 1.600000000000000000e+01 2.600000000000000000e+01 5.000000000000000000e+00 1.500000000000000000e+01 2.400000000000000000e+01 1.500000000000000000e+01 1.900000000000000000e+01 2.200000000000000000e+01 1.000000000000000000e+01 2.400000000000000000e+01 0.000000000000000000e+00 3.500000000000000000e+01 4.000000000000000000e+01
7.000000000000000000e+00 2.500000000000000000e+01 2.100000000000000000e+01 2.200000000000000000e+01 1.200000000000000000e+01 1.400000000000000000e+01 1.800000000000000000e+01 2.200000000000000000e+01 3.400000000000000000e+01 1.900000000000000000e+01 2.000000000000000000e+01 2.500000000000000000e+01 1.000000000000000000e+01 3.000000000000000000e+01 0.000000000000000000e+00 2.600000000000000000e+01 3.300000000000000000e+01
7.000000000000000000e+00 2.800000000000000000e+01 1.700000000000000000e+01 1.300000000000000000e+01 1.500000000000000000e+01 2.000000000000000000e+01 1.700000000000000000e+01 2.300000000000000000e+01 3.100000000000000000e+01 1.600000000000000000e+01 1.000000000000000000e+01 2.100000000000000000e+01 1.000000000000000000e+01 2.700000000000000000e+01 0.000000000000000000e+00 2.800000000000000000e+01 3.300000000000000000e+01
1.200000000000000000e+01 2.600000000000000000e+01 9.000000000000000000e+00 1.300000000000000000e+01 1.400000000000000000e+01 2.300000000000000000e+01 1.400000000000000000e+01 2.600000000000000000e+01 2.900000000000000000e+01 2.400000000000000000e+01 2.300000000000000000e+01 2.900000000000000000e+01 8.000000000000000000e+00 1.300000000000000000e+01 0.000000000000000000e+00 2.200000000000000000e+01 2.400000000000000000e+01
4.000000000000000000e+00 2.400000000000000000e+01 3.300000000000000000e+01 1.200000000000000000e+01 1.200000000000000000e+01 2.100000000000000000e+01 1.600000000000000000e+01 2.300000000000000000e+01 2.900000000000000000e+01 1.000000000000000000e+01 2.300000000000000000e+01 3.300000000000000000e+01 4.000000000000000000e+00 2.400000000000000000e+01 0.000000000000000000e+00 1.900000000000000000e+01 2.600000000000000000e+01
5.000000000000000000e+00 1.400000000000000000e+01 2.700000000000000000e+01 1.400000000000000000e+01 8.000000000000000000e+00 2.100000000000000000e+01 1.600000000000000000e+01 1.500000000000000000e+01 3.100000000000000000e+01 1.800000000000000000e+01 2.400000000000000000e+01 1.800000000000000000e+01 7.000000000000000000e+00 2.500000000000000000e+01 0.000000000000000000e+00 2.300000000000000000e+01 3.800000000000000000e+01
9.000000000000000000e+00 2.500000000000000000e+01 1.800000000000000000e+01 1.400000000000000000e+01 1.000000000000000000e+01 1.200000000000000000e+01 1.000000000000000000e+01 2.500000000000000000e+01 2.600000000000000000e+01 2.100000000000000000e+01 2.300000000000000000e+01 2.100000000000000000e+01 8.000000000000000000e+00 2.800000000000000000e+01 0.000000000000000000e+00 1.600000000000000000e+01 3.000000000000000000e+01
8.000000000000000000e+00 2.200000000000000000e+01 2.400000000000000000e+01 1.300000000000000000e+01 1.900000000000000000e+01 1.700000000000000000e+01 1.300000000000000000e+01 2.400000000000000000e+01 3.100000000000000000e+01 1.500000000000000000e+01 1.700000000000000000e+01 1.400000000000000000e+01 9.000000000000000000e+00 1.300000000000000000e+01 0.000000000000000000e+00 3.400000000000000000e+01 2.300000000000000000e+01
9.000000000000000000e+00 1.800000000000000000e+01 1.800000000000000000e+01 2.000000000000000000e+01 6.000000000000000000e+00 1.700000000000000000e+01 1.500000000000000000e+01 2.800000000000000000e+01 2.400000000000000000e+01 1.300000000000000000e+01 2.300000000000000000e+01 2.100000000000000000e+01 7.000000000000000000e+00 3.400000000000000000e+01 0.000000000000000000e+00 1.800000000000000000e+01 3.500000000000000000e+01
1.000000000000000000e+01 2.900000000000000000e+01 1.500000000000000000e+01 1.000000000000000000e+01 8.000000000000000000e+00 1.200000000000000000e+01 1.900000000000000000e+01 1.900000000000000000e+01 2.500000000000000000e+01 1.700000000000000000e+01 2.000000000000000000e+01 1.100000000000000000e+01 8.000000000000000000e+00 2.500000000000000000e+01 0.000000000000000000e+00 1.500000000000000000e+01 2.000000000000000000e+01
7.000000000000000000e+00 1.900000000000000000e+01 2.100000000000000000e+01 1.500000000000000000e+01 1.100000000000000000e+01 1.600000000000000000e+01 1.500000000000000000e+01 2.000000000000000000e+01 2.800000000000000000e+01 1.900000000000000000e+01 1.400000000000000000e+01 1.700000000000000000e+01 7.000000000000000000e+00 2.500000000000000000e+01 0.000000000000000000e+00 9.000000000000000000e+00 1.600000000000000000e+01
3.000000000000000000e+00 3.200000000000000000e+01 3.300000000000000000e+01 1.700000000000000000e+01 1.200000000000000000e+01 2.300000000000000000e+01 1.700000000000000000e+01 2.300000000000000000e+01 3.300000000000000000e+01 2.100000000000000000e+01 2.500000000000000000e+01 1.500000000000000000e+01 1.200000000000000000e+01 1.900000000000000000e+01 0.000000000000000000e+00 1.700000000000000000e+01 2.500000000000000000e+01
7.000000000000000000e+00 2.300000000000000000e+01 9.000000000000000000e+00 1.400000000000000000e+01 1.000000000000000000e+01 1.200000000000000000e+01 1.900000000000000000e+01 1.700000000000000000e+01 2.900000000000000000e+01 9.000000000000000000e+00 2.100000000000000000e+01 2.000000000000000000e+01 7.000000000000000000e+00 2.600000000000000000e+01 0.000000000000000000e+00 1.600000000000000000e+01 2.600000000000000000e+01
1.300000000000000000e+01 2.400000000000000000e+01 1.500000000000000000e+01 1.100000000000000000e+01 6.000000000000000000e+00 1.500000000000000000e+01 2.200000000000000000e+01 1.400000000000000000e+01 3.000000000000000000e+01 1.000000000000000000e+01 1.700000000000000000e+01 2.100000000000000000e+01 1.000000000000000000e+01 2.200000000000000000e+01 0.000000000000000000e+00 1.300000000000000000e+01 1.500000000000000000e+01
8.000000000000000000e+00 2.100000000000000000e+01 2.600000000000000000e+01 1.600000000000000000e+01 1.700000000000000000e+01 1.200000000000000000e+01 2.300000000000000000e+01 1.700000000000000000e+01 3.300000000000000000e+01 1.600000000000000000e+01 1.400000000000000000e+01 1.800000000000000000e+01 8.000000000000000000e+00 1.100000000000000000e+01 0.000000000000000000e+00 1.600000000000000000e+01 2.300000000000000000e+01
6.000000000000000000e+00 1.300000000000000000e+01 1.700000000000000000e+01 1.800000000000000000e+01 1.400000000000000000e+01 1.200000000000000000e+01 1.700000000000000000e+01 2.300000000000000000e+01 2.500000000000000000e+01 1.900000000000000000e+01 2.200000000000000000e+01 1.700000000000000000e+01 7.000000000000000000e+00 2.900000000000000000e+01 0.000000000000000000e+00 1.700000000000000000e+01 2.800000000000000000e+01
3.000000000000000000e+00 2.100000000000000000e+01 1.700000000000000000e+01 1.700000000000000000e+01 5.000000000000000000e+00 1.500000000000000000e+01 2.200000000000000000e+01 2.000000000000000000e+01 3.100000000000000000e+01 1.700000000000000000e+01 1.700000000000000000e+01 1.500000000000000000e+01 8.000000000000000000e+00 2.400000000000000000e+01 0.000000000000000000e+00 1.800000000000000000e+01 3.000000000000000000e+01
5.000000000000000000e+00 2.200000000000000000e+01 2.000000000000000000e+01 8.000000000000000000e+00 6.000000000000000000e+00 1.900000000000000000e+01 1.000000000000000000e+01 2.200000000000000000e+01 2.500000000000000000e+01 1.100000000000000000e+01 2.200000000000000000e+01 1.100000000000000000e+01 4.000000000000000000e+00 2.100000000000000000e+01 0.000000000000000000e+00 1.000000000000000000e+01 1.900000000000000000e+01
8.000000000000000000e+00 1.700000000000000000e+01 2.200000000000000000e+01 1.400000000000000000e+01 6.000000000000000000e+00 1.300000000000000000e+01 1.800000000000000000e+01 1.900000000000000000e+01 3.200000000000000000e+01 1.900000000000000000e+01 1.800000000000000000e+01 1.200000000000000000e+01 3.000000000000000000e+00 1.600000000000000000e+01 0.000000000000000000e+00 1.500000000000000000e+01 1.700000000000000000e+01
6.000000000000000000e+00 1.700000000000000000e+01 1.800000000000000000e+01 1.400000000000000000e+01 6.000000000000000000e+00 1.100000000000000000e+01 1.500000000000000000e+01 1.800000000000000000e+01 2.400000000000000000e+01 1.600000000000000000e+01 1.400000000000000000e+01 1.600000000000000000e+01 7.000000000000000000e+00 1.700000000000000000e+01 0.000000000000000000e+00 1.400000000000000000e+01 2.200000000000000000e+01
8.000000000000000000e+00 1.700000000000000000e+01 3.100000000000000000e+01 1.700000000000000000e+01 9.000000000000000000e+00 1.200000000000000000e+01 2.100000000000000000e+01 3.200000000000000000e+01 3.500000000000000000e+01 1.300000000000000000e+01 1.600000000000000000e+01 7.000000000000000000e+00 8.000000000000000000e+00 1.500000000000000000e+01 0.000000000000000000e+00 1.300000000000000000e+01 1.500000000000000000e+01
7.000000000000000000e+00 1.600000000000000000e+01 1.700000000000000000e+01 1.200000000000000000e+01 7.000000000000000000e+00 1.100000000000000000e+01 1.900000000000000000e+01 1.500000000000000000e+01 3.800000000000000000e+01 2.500000000000000000e+01 2.100000000000000000e+01 1.300000000000000000e+01 1.100000000000000000e+01 1.500000000000000000e+01 0.000000000000000000e+00 8.000000000000000000e+00 2.200000000000000000e+01
7.000000000000000000e+00 1.100000000000000000e+01 2.100000000000000000e+01 1.200000000000000000e+01 9.000000000000000000e+00 1.300000000000000000e+01 2.100000000000000000e+01 1.600000000000000000e+01 3.200000000000000000e+01 1.900000000000000000e+01 1.700000000000000000e+01 1.400000000000000000e+01 9.000000000000000000e+00 1.300000000000000000e+01 0.000000000000000000e+00 8.000000000000000000e+00 2.200000000000000000e+01
6.000000000000000000e+00 1.400000000000000000e+01 1.200000000000000000e+01 1.500000000000000000e+01 5.000000000000000000e+00 1.900000000000000000e+01 2.600000000000000000e+01 1.600000000000000000e+01 3.600000000000000000e+01 1.300000000000000000e+01 2.100000000000000000e+01 1.500000000000000000e+01 1.200000000000000000e+01 1.600000000000000000e+01 0.000000000000000000e+00 1.200000000000000000e+01 1.800000000000000000e+01
6.000000000000000000e+00 1.400000000000000000e+01 1.800000000000000000e+01 1.300000000000000000e+01 9.000000000000000000e+00 2.100000000000000000e+01 2.300000000000000000e+01 1.500000000000000000e+01 1.900000000000000000e+01 1.200000000000000000e+01 1.500000000000000000e+01 8.000000000000000000e+00 5.000000000000000000e+00 1.400000000000000000e+01 0.000000000000000000e+00 1.500000000000000000e+01 1.200000000000000000e+01
2.000000000000000000e+00 9.000000000000000000e+00 1.500000000000000000e+01 1.100000000000000000e+01 8.000000000000000000e+00 2.200000000000000000e+01 2.100000000000000000e+01 2.200000000000000000e+01 2.700000000000000000e+01 1.300000000000000000e+01 1.600000000000000000e+01 1.600000000000000000e+01 5.000000000000000000e+00 1.600000000000000000e+01 0.000000000000000000e+00 1.800000000000000000e+01 1.600000000000000000e+01
6.000000000000000000e+00 9.000000000000000000e+00 1.800000000000000000e+01 1.600000000000000000e+01 1.000000000000000000e+00 1.300000000000000000e+01 1.300000000000000000e+01 1.500000000000000000e+01 2.200000000000000000e+01 1.500000000000000000e+01 1.500000000000000000e+01 1.100000000000000000e+01 3.000000000000000000e+00 9.000000000000000000e+00 0.000000000000000000e+00 1.600000000000000000e+01 1.500000000000000000e+01
2.000000000000000000e+00 1.300000000000000000e+01 1.700000000000000000e+01 1.900000000000000000e+01 9.000000000000000000e+00 1.400000000000000000e+01 2.200000000000000000e+01 1.100000000000000000e+01 2.800000000000000000e+01 2.100000000000000000e+01 1.600000000000000000e+01 1.000000000000000000e+01 6.000000000000000000e+00 1.200000000000000000e+01 0.000000000000000000e+00 9.000000000000000000e+00 2.200000000000000000e+01
6.000000000000000000e+00 1.300000000000000000e+01 2.100000000000000000e+01 8.000000000000000000e+00 5.000000000000000000e+00 1.500000000000000000e+01 1.500000000000000000e+01 2.000000000000000000e+01 1.300000000000000000e+01 1.700000000000000000e+01 1.500000000000000000e+01 1.400000000000000000e+01 5.000000000000000000e+00 1.700000000000000000e+01 0.000000000000000000e+00 1.300000000000000000e+01 1.100000000000000000e+01
7.000000000000000000e+00 1.700000000000000000e+01 2.000000000000000000e+01 1.500000000000000000e+01 2.000000000000000000e+00 1.800000000000000000e+01 1.600000000000000000e+01 1.400000000000000000e+01 2.800000000000000000e+01 1.500000000000000000e+01 1.000000000000000000e+01 1.300000000000000000e+01 8.000000000000000000e+00 7.000000000000000000e+00 0.000000000000000000e+00 1.900000000000000000e+01 2.000000000000000000e+01
7.000000000000000000e+00 5.000000000000000000e+00 1.700000000000000000e+01 1.700000000000000000e+01 7.000000000000000000e+00 1.700000000000000000e+01 1.300000000000000000e+01 1.400000000000000000e+01 2.000000000000000000e+01 2.100000000000000000e+01 1.700000000000000000e+01 8.000000000000000000e+00 8.000000000000000000e+00 1.000000000000000000e+01 0.000000000000000000e+00 2.000000000000000000e+01 1.400000000000000000e+01
3.000000000000000000e+00 1.200000000000000000e+01 1.900000000000000000e+01 1.200000000000000000e+01 3.000000000000000000e+00 2.100000000000000000e+01 1.100000000000000000e+01 1.700000000000000000e+01 2.400000000000000000e+01 1.700000000000000000e+01 1.500000000000000000e+01 7.000000000000000000e+00 5.000000000000000000e+00 1.300000000000000000e+01 0.000000000000000000e+00 9.000000000000000000e+00 1.600000000000000000e+01
4.000000000000000000e+00 1.500000000000000000e+01 1.500000000000000000e+01 8.000000000000000000e+00 4.000000000000000000e+00 1.400000000000000000e+01 1.500000000000000000e+01 1.200000000000000000e+01 2.100000000000000000e+01 2.300000000000000000e+01 7.000000000000000000e+00 9.000000000000000000e+00 1.200000000000000000e+01 1.300000000000000000e+01 0.000000000000000000e+00 1.600000000000000000e+01 1.300000000000000000e+01
6.000000000000000000e+00 1.100000000000000000e+01 1.300000000000000000e+01 1.000000000000000000e+01 4.000000000000000000e+00 2.100000000000000000e+01 1.800000000000000000e+01 1.500000000000000000e+01 2.300000000000000000e+01 1.600000000000000000e+01 8.000000000000000000e+00 1.000000000000000000e+01 7.000000000000000000e+00 2.000000000000000000e+01 0.000000000000000000e+00 1.200000000000000000e+01 1.800000000000000000e+01
5.000000000000000000e+00 1.100000000000000000e+01 1.500000000000000000e+01 1.200000000000000000e+01 5.000000000000000000e+00 1.600000000000000000e+01 2.100000000000000000e+01 1.500000000000000000e+01 2.300000000000000000e+01 1.800000000000000000e+01 1.100000000000000000e+01 4.000000000000000000e+00 3.000000000000000000e+00 3.100000000000000000e+01 0.000000000000000000e+00 1.300000000000000000e+01 1.800000000000000000e+01
5.000000000000000000e+00 3.000000000000000000e+00 1.100000000000000000e+01 1.500000000000000000e+01 2.000000000000000000e+00 2.000000000000000000e+01 1.200000000000000000e+01 1.000000000000000000e+01 1.700000000000000000e+01 1.100000000000000000e+01 2.100000000000000000e+01 6.000000000000000000e+00 7.000000000000000000e+00 3.800000000000000000e+01 0.000000000000000000e+00 1.100000000000000000e+01 1.700000000000000000e+01
2.000000000000000000e+00 1.000000000000000000e+01 1.800000000000000000e+01 1.100000000000000000e+01 6.000000000000000000e+00 1.300000000000000000e+01 9.000000000000000000e+00 1.300000000000000000e+01 1.700000000000000000e+01 1.100000000000000000e+01 1.900000000000000000e+01 1.200000000000000000e+01 4.000000000000000000e+00 3.900000000000000000e+01 0.000000000000000000e+00 2.300000000000000000e+01 1.100000000000000000e+01
4.000000000000000000e+00 8.000000000000000000e+00 1.100000000000000000e+01 1.500000000000000000e+01 2.000000000000000000e+00 2.200000000000000000e+01 1.100000000000000000e+01 1.500000000000000000e+01 1.700000000000000000e+01 1.200000000000000000e+01 1.500000000000000000e+01 4.000000000000000000e+00 1.100000000000000000e+01 4.900000000000000000e+01 0.000000000000000000e+00 2.800000000000000000e+01 2.100000000000000000e+01
0.000000000000000000e+00 9.000000000000000000e+00 1.100000000000000000e+01 1.900000000000000000e+01 8.000000000000000000e+00 1.500000000000000000e+01 1.200000000000000000e+01 8.000000000000000000e+00 1.900000000000000000e+01 1.400000000000000000e+01 9.000000000000000000e+00 7.000000000000000000e+00 3.000000000000000000e+00 3.900000000000000000e+01 0.000000000000000000e+00 2.900000000000000000e+01 3.200000000000000000e+01
6.000000000000000000e+00 1.500000000000000000e+01 2.000000000000000000e+01 1.800000000000000000e+01 3.000000000000000000e+00 1.500000000000000000e+01 1.200000000000000000e+01 6.000000000000000000e+00 1.700000000000000000e+01 2.900000000000000000e+01 1.400000000000000000e+01 7.000000000000000000e+00 1.300000000000000000e+01 3.000000000000000000e+01 0.000000000000000000e+00 3.800000000000000000e+01 4.300000000000000000e+01
2.000000000000000000e+00 1.400000000000000000e+01 1.500000000000000000e+01 1.600000000000000000e+01 4.000000000000000000e+00 1.100000000000000000e+01 1.000000000000000000e+01 9.000000000000000000e+00 1.800000000000000000e+01 1.900000000000000000e+01 1.000000000000000000e+01 3.000000000000000000e+00 9.000000000000000000e+00 2.800000000000000000e+01 0.000000000000000000e+00 3.600000000000000000e+01 5.600000000000000000e+01
4.000000000000000000e+00 1.500000000000000000e+01 1.700000000000000000e+01 1.500000000000000000e+01 4.000000000000000000e+00 2.300000000000000000e+01 1.100000000000000000e+01 1.400000000000000000e+01 2.000000000000000000e+01 1.900000000000000000e+01 1.100000000000000000e+01 5.000000000000000000e+00 2.000000000000000000e+00 2.200000000000000000e+01 0.000000000000000000e+00 4.000000000000000000e+01 4.000000000000000000e+01
4.000000000000000000e+00 1.400000000000000000e+01 1.500000000000000000e+01 1.800000000000000000e+01 1.000000000000000000e+00 1.900000000000000000e+01 1.100000000000000000e+01 1.300000000000000000e+01 2.000000000000000000e+01 2.200000000000000000e+01 1.200000000000000000e+01 9.000000000000000000e+00 7.000000000000000000e+00 1.800000000000000000e+01 0.000000000000000000e+00 2.600000000000000000e+01 4.500000000000000000e+01
4.000000000000000000e+00 2.100000000000000000e+01 2.800000000000000000e+01 2.600000000000000000e+01 5.000000000000000000e+00 2.900000000000000000e+01 1.600000000000000000e+01 1.500000000000000000e+01 2.400000000000000000e+01 1.600000000000000000e+01 1.000000000000000000e+01 7.000000000000000000e+00 9.000000000000000000e+00 1.600000000000000000e+01 0.000000000000000000e+00 2.700000000000000000e+01 4.400000000000000000e+01
1.300000000000000000e+01 2.900000000000000000e+01 3.600000000000000000e+01 3.200000000000000000e+01 4.000000000000000000e+00 1.800000000000000000e+01 1.500000000000000000e+01 1.200000000000000000e+01 3.100000000000000000e+01 1.000000000000000000e+01 7.000000000000000000e+00 1.300000000000000000e+01 7.000000000000000000e+00 6.000000000000000000e+00 0.000000000000000000e+00 3.000000000000000000e+01 4.400000000000000000e+01
9.000000000000000000e+00 2.500000000000000000e+01 4.500000000000000000e+01 5.100000000000000000e+01 3.000000000000000000e+00 3.500000000000000000e+01 1.800000000000000000e+01 6.000000000000000000e+00 2.200000000000000000e+01 1.800000000000000000e+01 7.000000000000000000e+00 5.000000000000000000e+00 7.000000000000000000e+00 0.000000000000000000e+00 0.000000000000000000e+00 2.900000000000000000e+01 3.700000000000000000e+01
1.000000000000000000e+01 2.900000000000000000e+01 4.300000000000000000e+01 5.000000000000000000e+01 6.000000000000000000e+00 3.100000000000000000e+01 3.000000000000000000e+01 1.300000000000000000e+01 2.600000000000000000e+01 1.700000000000000000e+01 9.000000000000000000e+00 1.200000000000000000e+01 8.000000000000000000e+00 0.000000000000000000e+00 0.000000000000000000e+00 2.300000000000000000e+01 2.000000000000000000e+01
1.400000000000000000e+01 3.600000000000000000e+01 4.300000000000000000e+01 7.300000000000000000e+01 9.000000000000000000e+00 4.500000000000000000e+01 2.700000000000000000e+01 1.200000000000000000e+01 2.200000000000000000e+01 2.500000000000000000e+01 9.000000000000000000e+00 1.100000000000000000e+01 1.000000000000000000e+01 0.000000000000000000e+00 0.000000000000000000e+00 7.000000000000000000e+00 2.100000000000000000e+01
1.600000000000000000e+01 2.800000000000000000e+01 5.500000000000000000e+01 7.300000000000000000e+01 1.200000000000000000e+01 6.800000000000000000e+01 3.400000000000000000e+01 1.300000000000000000e+01 4.600000000000000000e+01 1.800000000000000000e+01 1.400000000000000000e+01 1.100000000000000000e+01 1.000000000000000000e+01 0.000000000000000000e+00 0.000000000000000000e+00 5.000000000000000000e+00 8.000000000000000000e+00
9.000000000000000000e+00 2.400000000000000000e+01 4.500000000000000000e+01 9.700000000000000000e+01 1.300000000000000000e+01 7.700000000000000000e+01 3.200000000000000000e+01 1.300000000000000000e+01 3.300000000000000000e+01 2.700000000000000000e+01 1.200000000000000000e+01 8.000000000000000000e+00 1.100000000000000000e+01 0.000000000000000000e+00 0.000000000000000000e+00 1.000000000000000000e+00 4.000000000000000000e+00
1.300000000000000000e+01 3.700000000000000000e+01 5.100000000000000000e+01 9.700000000000000000e+01 1.400000000000000000e+01 9.800000000000000000e+01 3.900000000000000000e+01 1.500000000000000000e+01 6.100000000000000000e+01 3.700000000000000000e+01 2.700000000000000000e+01 1.000000000000000000e+01 9.000000000000000000e+00 0.000000000000000000e+00 0.000000000000000000e+00 1.000000000000000000e+00 0.000000000000000000e+00
1.300000000000000000e+01 2.100000000000000000e+01 4.700000000000000000e+01 8.900000000000000000e+01 6.000000000000000000e+00 7.200000000000000000e+01 4.400000000000000000e+01 3.100000000000000000e+01 4.300000000000000000e+01 4.900000000000000000e+01 2.600000000000000000e+01 1.500000000000000000e+01 2.600000000000000000e+01 0.000000000000000000e+00 0.000000000000000000e+00 0.000000000000000000e+00 0.000000000000000000e+00
1.200000000000000000e+01 2.100000000000000000e+01 4.700000000000000000e+01 1.030000000000000000e+02 1.600000000000000000e+01 9.300000000000000000e+01 5.100000000000000000e+01 3.400000000000000000e+01 5.200000000000000000e+01 6.400000000000000000e+01 2.800000000000000000e+01 2.700000000000000000e+01 2.000000000000000000e+01 0.000000000000000000e+00 0.000000000000000000e+00 0.000000000000000000e+00 0.000000000000000000e+00
8.000000000000000000e+00 2.500000000000000000e+01 4.300000000000000000e+01 8.000000000000000000e+01 6.000000000000000000e+00 9.100000000000000000e+01 4.100000000000000000e+01 2.700000000000000000e+01 6.100000000000000000e+01 5.000000000000000000e+01 2.800000000000000000e+01 1.300000000000000000e+01 3.300000000000000000e+01 0.000000000000000000e+00 0.000000000000000000e+00 0.000000000000000000e+00 0.000000000000000000e+00
1.100000000000000000e+01 1.900000000000000000e+01 3.600000000000000000e+01 6.100000000000000000e+01 1.100000000000000000e+01 9.200000000000000000e+01 5.000000000000000000e+01 2.900000000000000000e+01 6.200000000000000000e+01 8.100000000000000000e+01 3.900000000000000000e+01 1.300000000000000000e+01 3.800000000000000000e+01 0.000000000000000000e+00 0.000000000000000000e+00 0.000000000000000000e+00 0.000000000000000000e+00
3.000000000000000000e+00 1.000000000000000000e+01 3.300000000000000000e+01 5.300000000000000000e+01 1.300000000000000000e+01 6.700000000000000000e+01 3.300000000000000000e+01 3.500000000000000000e+01 5.200000000000000000e+01 8.600000000000000000e+01 4.200000000000000000e+01 2.400000000000000000e+01 1.600000000000000000e+01 0.000000000000000000e+00 0.000000000000000000e+00 0.000000000000000000e+00 0.000000000000000000e+00
5.000000000000000000e+00 7.000000000000000000e+00 2.000000000000000000e+01 4.600000000000000000e+01 1.400000000000000000e+01 4.600000000000000000e+01 2.500000000000000000e+01 2.300000000000000000e+01 5.500000000000000000e+01 5.900000000000000000e+01 2.800000000000000000e+01 2.800000000000000000e+01 2.900000000000000000e+01 0.000000000000000000e+00 0.000000000000000000e+00 0.000000000000000000e+00 0.000000000000000000e+00
0.000000000000000000e+00 1.000000000000000000e+00 8.000000000000000000e+00 3.600000000000000000e+01 4.000000000000000000e+00 4.000000000000000000e+01 2.500000000000000000e+01 2.500000000000000000e+01 6.400000000000000000e+01 5.300000000000000000e+01 3.700000000000000000e+01 1.800000000000000000e+01 2.100000000000000000e+01 0.000000000000000000e+00 0.000000000000000000e+00 0.000000000000000000e+00 0.000000000000000000e+00
0.000000000000000000e+00 0.000000000000000000e+00 5.000000000000000000e+00 2.100000000000000000e+01 4.000000000000000000e+00 2.200000000000000000e+01 2.100000000000000000e+01 2.800000000000000000e+01 5.100000000000000000e+01 6.300000000000000000e+01 3.200000000000000000e+01 1.800000000000000000e+01 2.200000000000000000e+01 0.000000000000000000e+00 0.000000000000000000e+00 0.000000000000000000e+00 0.000000000000000000e+00
0.000000000000000000e+00 0.000000000000000000e+00 0.000000000000000000e+00 1.200000000000000000e+01 4.000000000000000000e+00 9.000000000000000000e+00 1.700000000000000000e+01 1.900000000000000000e+01 3.600000000000000000e+01 4.700000000000000000e+01 3.900000000000000000e+01 2.200000000000000000e+01 2.500000000000000000e+01 0.000000000000000000e+00 0.000000000000000000e+00 0.000000000000000000e+00 0.000000000000000000e+00
0.000000000000000000e+00 0.000000000000000000e+00 0.000000000000000000e+00 2.000000000000000000e+00 0.000000000000000000e+00 1.000000000000000000e+00 8.000000000000000000e+00 1.200000000000000000e+01 2.700000000000000000e+01 4.500000000000000000e+01 1.900000000000000000e+01 1.100000000000000000e+01 2.200000000000000000e+01 0.000000000000000000e+00 0.000000000000000000e+00 0.000000000000000000e+00 0.000000000000000000e+00
0.000000000000000000e+00 0.000000000000000000e+00 0.000000000000000000e+00 0.000000000000000000e+00 0.000000000000000000e+00 0.000000000000000000e+00 0.000000000000000000e+00 1.600000000000000000e+01 1.000000000000000000e+01 3.200000000000000000e+01 2.100000000000000000e+01 1.300000000000000000e+01 1.600000000000000000e+01 0.000000000000000000e+00 0.000000000000000000e+00 0.000000000000000000e+00 0.000000000000000000e+00
0.000000000000000000e+00 0.000000000000000000e+00 0.000000000000000000e+00 0.000000000000000000e+00 0.000000000000000000e+00 0.000000000000000000e+00 0.000000000000000000e+00 4.000000000000000000e+00 2.000000000000000000e+00 2.200000000000000000e+01 1.600000000000000000e+01 1.200000000000000000e+01 1.000000000000000000e+01 0.000000000000000000e+00 0.000000000000000000e+00 0.000000000000000000e+00 0.000000000000000000e+00
0.000000000000000000e+00 0.000000000000000000e+00 0.000000000000000000e+00 0.000000000000000000e+00 0.000000000000000000e+00 0.000000000000000000e+00 0.000000000000000000e+00 0.000000000000000000e+00 0.000000000000000000e+00 7.000000000000000000e+00 3.000000000000000000e+00 7.000000000000000000e+00 9.000000000000000000e+00 0.000000000000000000e+00 0.000000000000000000e+00 0.000000000000000000e+00 0.000000000000000000e+00
0.000000000000000000e+00 0.000000000000000000e+00 0.000000000000000000e+00 0.000000000000000000e+00 0.000000000000000000e+00 0.000000000000000000e+00 0.000000000000000000e+00 1.000000000000000000e+00 0.000000000000000000e+00 1.000000000000000000e+00 2.000000000000000000e+00 0.000000000000000000e+00 1.000000000000000000e+00 0.000000000000000000e+00 0.000000000000000000e+00 0.000000000000000000e+00 0.000000000000000000e+00
0.000000000000000000e+00 0.000000000000000000e+00 0.000000000000000000e+00 0.000000000000000000e+00 0.000000000000000000e+00 0.000000000000000000e+00 0.000000000000000000e+00 0.000000000000000000e+00 0.000000000000000000e+00 0.000000000000000000e+00 0.000000000000000000e+00 1.000000000000000000e+00 1.000000000000000000e+00 0.000000000000000000e+00 0.000000000000000000e+00 0.000000000000000000e+00 0.000000000000000000e+00
0.000000000000000000e+00 0.000000000000000000e+00 0.000000000000000000e+00 0.000000000000000000e+00 0.000000000000000000e+00 0.000000000000000000e+00 0.000000000000000000e+00 0.000000000000000000e+00 0.000000000000000000e+00 0.000000000000000000e+00 0.000000000000000000e+00 0.000000000000000000e+00 0.000000000000000000e+00 0.000000000000000000e+00 0.000000000000000000e+00 0.000000000000000000e+00 0.000000000000000000e+00
0.000000000000000000e+00 0.000000000000000000e+00 0.000000000000000000e+00 0.000000000000000000e+00 0.000000000000000000e+00 0.000000000000000000e+00 0.000000000000000000e+00 0.000000000000000000e+00 0.000000000000000000e+00 0.000000000000000000e+00 0.000000000000000000e+00 0.000000000000000000e+00 0.000000000000000000e+00 0.000000000000000000e+00 0.000000000000000000e+00 0.000000000000000000e+00 0.000000000000000000e+00
0.000000000000000000e+00 0.000000000000000000e+00 0.000000000000000000e+00 0.000000000000000000e+00 0.000000000000000000e+00 0.000000000000000000e+00 0.000000000000000000e+00 0.000000000000000000e+00 0.000000000000000000e+00 0.000000000000000000e+00 0.000000000000000000e+00 0.000000000000000000e+00 0.000000000000000000e+00 0.000000000000000000e+00 0.000000000000000000e+00 0.000000000000000000e+00 0.000000000000000000e+00
0.000000000000000000e+00 0.000000000000000000e+00 0.000000000000000000e+00 0.000000000000000000e+00 0.000000000000000000e+00 0.000000000000000000e+00 0.000000000000000000e+00 0.000000000000000000e+00 0.000000000000000000e+00 0.000000000000000000e+00 0.000000000000000000e+00 0.000000000000000000e+00 0.000000000000000000e+00 0.000000000000000000e+00 0.000000000000000000e+00 0.000000000000000000e+00 0.000000000000000000e+00
0.000000000000000000e+00 0.000000000000000000e+00 0.000000000000000000e+00 0.000000000000000000e+00 0.000000000000000000e+00 0.000000000000000000e+00 0.000000000000000000e+00 0.000000000000000000e+00 0.000000000000000000e+00 0.000000000000000000e+00 0.000000000000000000e+00 0.000000000000000000e+00 0.000000000000000000e+00 0.000000000000000000e+00 0.000000000000000000e+00 0.000000000000000000e+00 0.000000000000000000e+00
0.000000000000000000e+00 0.000000000000000000e+00 0.000000000000000000e+00 0.000000000000000000e+00 0.000000000000000000e+00 0.000000000000000000e+00 0.000000000000000000e+00 0.000000000000000000e+00 0.000000000000000000e+00 0.000000000000000000e+00 0.000000000000000000e+00 0.000000000000000000e+00 0.000000000000000000e+00 0.000000000000000000e+00 0.000000000000000000e+00 0.000000000000000000e+00 0.000000000000000000e+00
0.000000000000000000e+00 0.000000000000000000e+00 0.000000000000000000e+00 0.000000000000000000e+00 0.000000000000000000e+00 0.000000000000000000e+00 0.000000000000000000e+00 0.000000000000000000e+00 0.000000000000000000e+00 0.000000000000000000e+00 0.000000000000000000e+00 0.000000000000000000e+00 0.000000000000000000e+00 0.000000000000000000e+00 0.000000000000000000e+00 0.000000000000000000e+00 0.000000000000000000e+00
0.000000000000000000e+00 0.000000000000000000e+00 0.000000000000000000e+00 0.000000000000000000e+00 0.000000000000000000e+00 0.000000000000000000e+00 0.000000000000000000e+00 0.000000000000000000e+00 0.000000000000000000e+00 0.000000000000000000e+00 0.000000000000000000e+00 0.000000000000000000e+00 0.000000000000000000e+00 0.000000000000000000e+00 0.000000000000000000e+00 0.000000000000000000e+00 0.000000000000000000e+00
0.000000000000000000e+00 0.000000000000000000e+00 0.000000000000000000e+00 0.000000000000000000e+00 0.000000000000000000e+00 0.000000000000000000e+00 0.000000000000000000e+00 0.000000000000000000e+00 0.000000000000000000e+00 0.000000000000000000e+00 0.000000000000000000e+00 0.000000000000000000e+00 0.000000000000000000e+00 0.000000000000000000e+00 0.000000000000000000e+00 0.000000000000000000e+00 0.000000000000000000e+00
0.000000000000000000e+00 0.000000000000000000e+00 0.000000000000000000e+00 0.000000000000000000e+00 0.000000000000000000e+00 0.000000000000000000e+00 0.000000000000000000e+00 0.000000000000000000e+00 0.000000000000000000e+00 0.000000000000000000e+00 0.000000000000000000e+00 0.000000000000000000e+00 0.000000000000000000e+00 0.000000000000000000e+00 0.000000000000000000e+00 0.000000000000000000e+00 0.000000000000000000e+00
0.000000000000000000e+00 0.000000000000000000e+00 0.000000000000000000e+00 0.000000000000000000e+00 0.000000000000000000e+00 0.000000000000000000e+00 0.000000000000000000e+00 0.000000000000000000e+00 0.000000000000000000e+00 0.000000000000000000e+00 0.000000000000000000e+00 0.000000000000000000e+00 0.000000000000000000e+00 0.000000000000000000e+00 0.000000000000000000e+00 0.000000000000000000e+00 0.000000000000000000e+00
0.000000000000000000e+00 0.000000000000000000e+00 0.000000000000000000e+00 0.000000000000000000e+00 0.000000000000000000e+00 0.000000000000000000e+00 0.000000000000000000e+00 0.000000000000000000e+00 0.000000000000000000e+00 0.000000000000000000e+00 0.000000000000000000e+00 0.000000000000000000e+00 0.000000000000000000e+00 0.000000000000000000e+00 0.000000000000000000e+00 0.000000000000000000e+00 0.000000000000000000e+00
0.000000000000000000e+00 0.000000000000000000e+00 0.000000000000000000e+00 0.000000000000000000e+00 0.000000000000000000e+00 0.000000000000000000e+00 0.000000000000000000e+00 0.000000000000000000e+00 0.000000000000000000e+00 0.000000000000000000e+00 0.000000000000000000e+00 0.000000000000000000e+00 0.000000000000000000e+00 0.000000000000000000e+00 0.000000000000000000e+00 0.000000000000000000e+00 0.000000000000000000e+00
0.000000000000000000e+00 0.000000000000000000e+00 0.000000000000000000e+00 0.000000000000000000e+00 0.000000000000000000e+00 0.000000000000000000e+00 0.000000000000000000e+00 0.000000000000000000e+00 0.000000000000000000e+00 0.000000000000000000e+00 0.000000000000000000e+00 0.000000000000000000e+00 0.000000000000000000e+00 0.000000000000000000e+00 0.000000000000000000e+00 0.000000000000000000e+00 0.000000000000000000e+00
0.000000000000000000e+00 0.000000000000000000e+00 0.000000000000000000e+00 0.000000000000000000e+00 0.000000000000000000e+00 0.000000000000000000e+00 0.000000000000000000e+00 0.000000000000000000e+00 0.000000000000000000e+00 0.000000000000000000e+00 0.000000000000000000e+00 0.000000000000000000e+00 0.000000000000000000e+00 0.000000000000000000e+00 0.000000000000000000e+00 0.000000000000000000e+00 0.000000000000000000e+00
0.000000000000000000e+00 0.000000000000000000e+00 0.000000000000000000e+00 0.000000000000000000e+00 0.000000000000000000e+00 0.000000000000000000e+00 0.000000000000000000e+00 0.000000000000000000e+00 0.000000000000000000e+00 0.000000000000000000e+00 0.000000000000000000e+00 0.000000000000000000e+00 0.000000000000000000e+00 0.000000000000000000e+00 0.000000000000000000e+00 0.000000000000000000e+00 0.000000000000000000e+00
0.000000000000000000e+00 0.000000000000000000e+00 0.000000000000000000e+00 0.000000000000000000e+00 0.000000000000000000e+00 0.000000000000000000e+00 0.000000000000000000e+00 0.000000000000000000e+00 0.000000000000000000e+00 0.000000000000000000e+00 0.000000000000000000e+00 0.000000000000000000e+00 0.000000000000000000e+00 0.000000000000000000e+00 0.000000000000000000e+00 0.000000000000000000e+00 0.000000000000000000e+00
